1
2
7
23
76
278
1014
3693
13843
52130
196501
748331
2861495
10961281
42179044
162768111
629196267
2438220602
9466942018
36809980968
143353025529
559051456635
2182677790850
8531313133743
33380266353318
130723638853389
512376935783767
2009880425749905
7889750508191393
30992010379856276
121817864892015508
479099920815436459
1885296072399972265
7422619754399032610
29237792080013958227
115220425001765315399
454256265724737205967
1791629722718483554036
7069064796022041088325
27901875041104359110888
110167713380197903088975
435128264344676958990703
1719156314876665559983505
6794258530829850813646608
26859095706449969863359916
106208126085407960660560671
420083783551981592784688730
1661961706444004855106670065
6576706673337857727210079568
26031189274499153651558788183
103056076201643067462288278211
408078275107547869743147904134
1616218482686900145827107466525
6402359161976647781838917440196
25366480183832909387170042789985
100521187657557205720723074104197
398409253930691076419092104110401
1579330265978463620900465904088581
6261605535500170806389716465373613
24829344769317745835000989291645272
98471226042559704354263116808651710
390585217195736174185864259456295563
1549467868633945295804165698748324766
6147629807886762395548236008179455549
24394354984978282629667994135740344479
96811220520872806057044803092765578231
384251068419730807148909672254377104809
1525302174504777826596607302338409568977
6055452056179959547247143490891188139576
24042833633502155255183412316949747979084
95471055400647335386812321045521085829745
379143345194321232049856058112541168957265
1505842330133425809792405832131259185367370
5981342572144710985569325502581534342985666
23760729864998647541491690452370094387060439
94397754411333990681829951417922530026785782
375062153299331876136084010089721711327351731
1490333506669106755387451035363487666532508749
5922448918138098580477772254695660835445875569
23537256855156741850436266096195950603914294954
93550497693735219037920744007491926002613811781
371852917116525695222249248666486655673246578198
1478189979393013467822910949740575121626216811633
5876550235350951819776994740079412025229404818416
23363988723408921051638902064587813537181636373499
92897298579000206240988232120113412861291328109220
369394137068549216516427463344729862509954981884231
1468949978523446919636016389864375521325122472897982
5841890564485508440059003208811909532721143168418195
23234244569189452554667756227766706522432198905648196
92412725046773675816671093914244159129322765166589155
367588952837882195716625649641297347904930167616526239
1462244420956033428826363854200084949018548651890688935
5817062854132917922153059767280851555104380125926195013
23142657810768250111056911193394274032889232102656585700
92076299351503806221629362660503368030263668757483062227
366359191214664850447291874374425561228935862037729123820
1457774754605409805707434536559998370229224044642885312550
5800926424528157999385473624765222457847838271150179888068
23084868472383204829860264874774094210932180216581997028747
91871349923133724017018453175003531881296535617102716386166
365641079246017715848466343092191394455910060730110428943720
1455296940165914283115677091841478304706134877717841194164474
5792547071048880656046004111847272929519235274299987055992794
23057299058678909670196330564566176926068679922431056318764138
91784172143329866739501874305654674743404552434175525243719154
365382099718293538779040606497225891571900496599675923347007422
1454609661109668365527478654595129199882592308596044957715775751
5791152830735925742122754685394981496337349195053461781438770622
23056988496713663663065924336468576246857058048578165908074467586
91803404561570308746298236248472499098300772559144048755629877226
365538646557525572185159104355331077183785018892257115427527229425
1455545505934108019782249364673373886066467459392953874146753908537
5796100800747838839421679609106344154114932013202492357332800676583
23081467202226339403440358487504138603652602780947109741988027470048
91919558240557634577828138526509511018063544278076934119494119324336
366074250805125330818004716107349587653354725160457634698681677549035
1457964277842107081806191889699172526133777842439716626864418494153382
5806851894269606990935669638879848899510350363305073481820731045825778
23128661779446827728252640657721993924814594337358011741142556655229326
92124656804130263642886467319879304463328335963043869006665285654052596
366958220400225634271794570969829379736573547093338601552809153655647390
1461747852164110007137814899393509890382762382364828773909880771843203445
5822951388784363494421811816304455997336534233717366367887235048481761143
23196821411139508747760281095874666599666508343234768007991930760968820471
92411957753107289401818706974049665512148179649422011582819903885947495067
368164584622553999377045028227754318797636027231313696601197330465102709549
1466796176528889721945547233435052123885189544289539737076113659821767857641
5844013762973690678912938277094657505262420067812571960643823506351371245333
23284460351957715281720875820116732416394533779671894038113365160358111762873
92775734278552488112213691904222128672298912601783027904150830232872145791252
369671265929546953587518255715380579467451212459994325602028749938870860766176
1473024126178096517318731065879169058835697695198150199892426158540951620999715
5869710751070340702542702015603084519869228668214673062107201835700127150806473
23390312533209334880852145776330268485032607122442208441457633298768129021227540
93211102687489481016742179582917181248152617378330731024190936504613632616551501
371459423653397927462057861569403487417421485886854426407232119100893354622656291
1480359007116742793192892279927174863222085381641741721253245780184935652485693633
5899761840367447871912245184124978237256930334048194841859335143532584866409189871
23513295385483594883200302783288413464713558617068440259130308329581079360544269983
93713884622149097412428670590441073127984413049446021952742898354625899902343556508
373512929085373847920446897606602796692568959185373836492681117545434730043360091139
1488738555617613699672759593384554755719277425581974157363946387632018233311313382566
5933926644629658033055211552801298151074180409202200580123580517640686354340424959553
23652480753893558343886947271082462001413853916758398601584857279206868017989018331912
94280496106554935044459414507278576620921639024636903542619906295972430650417109185925
375817942072946958630790340498421234803081977304763150347615804840228930399305397913530
1498109321993163553907146558006933409032520747076972765180031179542247304290941303598625
5971998732672780594695709681368858758397613267291379077766306611756245593763793070700378
23807071325928997617805821980449452856251388254664267331333682151779929757114653192161804
94907857484299183503743804977570707178392113206829960421157750773470341345853727677294572
378362566817537656599265230453355207623857092800586206018050628618649857857736387792580600
1508425354733555881471131374447392852893396801511566448337656924816246176707947990505147703
6013800596479872754386662346626804413176818300131217336365104410014109546410143394817709428
23976381384029139594527417341765437257592374105927823380602711941991401335708171795960446071
95593319774992176101791281175071210874606813411624410546720044023313406541735462774992925128
381136570026545838004785269197004138207591588966672047987158853471747661116843016549764279909
1519647121531380842766749867451757562716067908038539016142409527483952862696270151245137771345
6059179519558622086136803308979388712643639556656367573782804799646045298384272227688353797520
24159820980464213819581015631339029514524010057679151650867130886208250968072092230473498472602
96334604044970943168641792720312481245004742906653991296483974114172308005953947661469820715519
384131148571372332702970326897753458348280754819282041186424502515478085306453961780556711787962
1531740618685254793641136111378736363078563774033070415524317263469855646501648053962876454124296
6108004162334771044268540696276248933539175937342021646820275432245810364367363376693006896036305
24356882842340213110330704901956513486709008175050855652675165996174365638880179640260302647483638
97129751176113337062275265499306819540444698398583007398378298208187494426018113886964693847160727
387338736760030820758568173054282879859346017797530404181760346098034146568671743002972084969664420
1544676631470893638823114347659171437577126450488322208579792340662523295119888553373213694459085274
6160161723034776814210403835835990858841972452761459582393662725902072198432044373730534483779982740
24567131470999564687685210418915435905986331011103724381894211622395168871090594646090116091715894396
97977080004453075076334420496730045228367461619550323736205210151100269716828744110426354781457707039
390752845542490803523561835678912836223542038160079399415908737562371643156609515838197520548901977505
1558430116376417265809712353933668280638882943016473250616192988107564414822404170102606433515281482610
6215555563762561147831859664740664922661718834405464567744029292591009083798415343137804340952871519190
24790194017689400711897477228990582440240839771169173967204888032185245321285594276564925469152706258358
98875152242975691952235004798102294401106884472514472612254763174679050429217485293501635567284082015366
394367927633922879134800057623679963425493083107242865817223062297757819448105590451106521426773243609893
1572979682378487414335254615719489224478235313970204119856275507443499405787283115185911639583191489572139
6274103215140310359336303234283351865141445088499953033481545057692778563398629210695908368673857188709875
25025752606580476179104888432345534215090655503316789458508658302316785203698088679664528100723404393009192
99822742939395630267055475509019587345908423250908078505619948591808232415773694079910368475179412388971639
398179263810107521557047459563254731749586358415581698148137737450368360020470973320543633661527705879152437
1588307153224929012034438762276857044617737403013030459230806023554367547776973565455727127519229166450279585
6335734690961292293654088060081131928356228269457742856184870773893914764631563445475303071287981722729851875
25273537844484255508518102736670206200058642121638130826799744270612392444192540785367443112359109888943915061
100818815477572334335797377631265416008136516254213090673181969163495916741686378881931366740269762866000434877
402182866603595184964615874444433659377986305900593752139866429115920998015680233863739171000065683328895314831
1604397196372188473497129850740975150999358990968806184190309955320289167095637647641268636700106125852011182019
6400391058226684481247703887551410200316270375899505212946942060854949733595518118726183561735082045495834661535
25533323309277681137806101639994746864778502021168590077624395734150312117726950269035218380053292255159305673362
101862500330456719382796947991295051240951305430714618278315136948354125959317030385964430866074554908377568253035
406375398383183375869328584148326879905384160497107705895584885442119796521320165906677735486979108327371795237909
1621237007080181828905089554692477412356121532140210060315311056644746049803543277863990635149029911447190520675840
6468023218746226506764469155577541175006069248775819262116839065397505313009276876838371856865064766699094150579095
25804920849982354786192950044716850769493656591333729285256448566500380787215140255347306160772484048337200167076251
102953076927563610336571814147878138982621583220594745512088285959308089686453161352683649479492162653954142914700314
410754101387107375166260644038333866804556418516982857913218375543491820441349423178222751090788129364876621497433050
1638816038395539045373408893510323224897640066407390805223377031248140595756226568959122598703191979624998131105158485
6538590866932873401557558102939720007672848644754163211349611884262224137534250402050007549215973980451009434754551795
26088176563497710433538615432833761288099199804011674894458736690363748295898219034233454292624806429161188351777814499
104089958121577594899116093162350516926285420095840170465895885060508356578134582176394942796124111126568600990726169180
415316737741873356133070823016953946353808353283256276192662749533024652698685994059808289282154043397937807123004296588
1657125769506287886105732969093124565571376001959230966668077909265051869060839411437256598697609283448206884761549737042
6612061595074339828347798546607138690987635008026436396240483621442396118149978051647863995413144933720228722030463939055
26382967338255542624134194830664694330734548653988823608229797654356230210275226830650134963625484741200153872219272004263
105272676834694415975653397794762131269418897728244604060345920629371936466181212676277511880668116919128654613350750849411
420061537863448147234224394738854273264671051163415030970967633051738949390846133671926701501029697307913441361330239220033
1676159506337575886005866034384847919954731393721755941645572009185572976506358280311583335363520261932386139558745233326466
6688410122636053338540317558054361691486227725790252379896642454480694737818814508416200871887677082852817234328106743472358
26689197875110710224216236197544988536846821569749675363118529445682629050520003424184611107509723757954893346192989736396263
106500874541556986695207041515806287958998788677482334377640079970839520591763060617964601730026542325277226561716955221169397
424987155927657656423687293376080441796487488155683719792880054172769572128686942782097569338478341400679499675374504669625979
1695912209362190364390890404014497416369294328637264086230660841951457087409508221183442817512432692359741599459970332050216157
6767617630353071912068561270580633102110174670645260055740249340623722951987549119346460476111371885546008521305306393941206054
27006798111785607035833495443337462317090895175512212953441102189975346298127259436338750754982839186108168299517644697105373167
107774291306588620690719125264865289468529522862965011572685793708545157336652739571788924384857436440639039064502830073249895231
430092631328790769652731142026869072180596228171327768587835043373074271954429999393716068487619850068506208895013899156124084123
1716380344484117695307396896565109413604814319268957483877687400535106564638696475614365745105531737112156111746864636903326152282
6849671183239185759453071872802404048013841622085807064933004273134022120352758283137439834292943099847094004395859785629441392178
27335720990034083974497464179391197559644325320964953823516504678481589569778617685267557251030332208415299699306612545571866603301
109092757142510385432936358100444606008281957128525264489618688694548723409042817851780852010687046794522816848208733481948318149981
435377355232202441689401844529168319286709033652646752639705298361411724494522835410336610097390401322942233113510451112830851455565
1737561753565867926828170481809457768616227641936048868203851898323115517200978189515960508994160810761385266532622012895179395042920
6934563229359577114068398524392308316022200598624726821019137060166681902423552971463269157024126453876617837398719881262254390968283
27675940515062540152415907497172363820025601068841153832904333240295993929476749112921499402675118829163243152735221631541893964988831
110456184496415731792112459807653136124017239642863480804788825910325637747274433125102758652654884983774497435648092452104113392012262
440841041477827086625892979254789488680624839023531232927113400851941359716668894470353466414089198047048272326036679770665945102864840
1759455541747287617562137512029101787684665444206829243618072075940768713168068311267694293650511427149381106939023052969191758215502842
7022291163416948423577560551159463808526086560421568547864979448188087393505015439809352726367551556636331509556756426974395994912445154
28027450065162841209537623346775313488069341178015422770167052516064096530419920623652897557280649427081799441412808844289494950190907391
111864561701932480378633074336969644455180329019892323205109883269345760715409620591356092325846736419737584747145324595776145607273960130
446483701214393104247283090981064093569345900465328826010329489498566587065625151764375426089936679270311215824966738122618978467931126850
1782061979173229693071701128796407394571771457644072087862996341617414021004604833074706097378676452549380588289365494759848523746000711224
7112856945996361101644847094496282524745181812271594499448422423174605712657826253778555565090161729134370905895533612734619405209616712227
28390260916376112253451541983742779813201623916841532765461722977821832729575081454898867090385417869633845430629128554543728494899951203386
113317947262252971052876339886708951838758535426453017131809459157746517943427438370208685655359713575928869010731959563844719086168544145461
452305620744535971056586823583801069920662161649725409993884568229195122060479271735064201960806852794477704569385236112602145716095580041835
1805382415131566426984446370600229925609217544288273769477945132452732898689595991606520779208678703396024156043865751980741866058395935751892
7206266770783783848603381075413735841246011327644529913145511650652996628877972843882002115304311400492444908229938798785028330734741952893908
28764400952631243390966322079017536317585616726484702308162419847719316495308589177074015984112953236109477667336335058774040425508287691435088
114816464850343267300442641121659305154967255870278748366113248708710689260653644091872019124889419425068161442496441080216533232336252739518476
458307342143433082168437799369030521106829905345721592751964075181867986936861617542908158415677442663019627530188980048229505935906207934805545
1829419202918646367177868508492917143524423221605225107517844220229324045115065851160830340122838769467596556760800577488487241951379731565144912
7302530773282075783466882669574886694201288312351773593447287807987582393059984632683039928689888499262662383271539213733673758469379222153285178
29149913536431875279973297997392962007607332537617146454412539010267181449678678659465402567462909779587775937854036563483604920155586149771777861
116360298930379947454275018041852963036426767379161589974140090187604021835364507020608640591683972953437537175829449538601253262148048119720724386
464489646281549527346228102447585528103763712419348918438043822073354172963386321912576477583663937131505732742062677482797406189827888686485337240
1854175634009768158344991874906964089271600177664950426904619187161674070467021552277906534790716891644150240147110148847999031272600028752141907145
7401662775546528099916937051858889693541861994126708312335526732902607912285244208628593851270477899731513101806254327388061754955346579313908303343
29546856518993165490471266463625296061644538340719515023190641596930970947962104115055701651104569614661466571352163664761758270054685940955715009750
117949690919138952649882598360238051033106394706498436824500608526244460819175933552682131816166433199244028850944924985722370644907836462667369168513
470853537938365259472180502148357703112459456627244075808612379087844566676823722820530697755802264372259371844321985635438340530663579526901799096887
1879655880328114344162179267142966507935696846837953517989051496641731651572697472770872554837221386870760234144959103430289870195728647031693179780874
7503680062290203906700884874079955334775108223603556878935447585327154929007583937014087093938097472501893240959096638727606145954993262478793624365386
29955301371906942915135039318022179853176759084497280664946130959829675798791873086502809650022973208243635149509746157955274737712957838621777838415023
119584935818253547650596062557913730572940629539938843647079433982251840285438630169801123714174546584701380837781365533250133264575617613878792984620883
477400232740749255013283646568386421849728459685743130291046854711861715594505150649537362402532384409941890907989773023646185237255656622376679394048179
1905864943585215932579380476666795705412146083085176567242791629119849318163928272724492317586190776229385387498575861489531634179693980316267369289389042
7608603184398940777798153321986438578190268049784139406815873867144920545210709855722834748776870067940580177450898212173731454137268887052010142625089326
30375332425061863748950013965247387263516777108180594207564427316880417546369083812993694869021790778368318905394217283828925530260557432500213537216917670
121266379258427750575459000681677595506095790249639361985457805889166179934937841346230983247720455547356586516873105035215005107604353493924943050558469602
484131145698705929900800732914274380966106176472468430694693009785749293363764283226507933453259715388978228921195118339101689038275025736823214538623278027
1932808610816066715901344429173775683132770135602474981971121061915990873891196937463644508833113561040277131154466815298037797481847960676878052259214471612
7716455786472378082174554953909624922877445482356515524332519883212294930111792172057022263391203558555592447649393902933144659448768085764924651615713167142
30807046197760458972846409476085525076501019681550693516224337116922908242245846089415299059350120471500199034947734045368644632882944261169369323333830261724
122994414905205353066959095354331080245696679815194618370189796394685042570346543550714982617788273450159532724186051304623820420341831698524702441331786038153
491047881143943967145249958353725598078202820198517407977146510171676056125032630693131784521891283198254506934287216422221536101118000295945770401502737946408
1960493415357811096584747025366720880319080586484071351624247706542739602807761274545376147599244917785038235923410693602693483881458068194989963690593826035636
7827264455491072958734440685926398607588143218987237567425135757219757451877060884472404513077589635702571632375718552281607013530849436654204406669638453020906
31250550811834991915127086610432364061177522772368230561057832860897111463198342588390053432543527733756146938321403480652604777483385772730104442952150241988765
124769482183048215041261513379279005568170400384988221414985359199748427568762865324653595859176426397659635678877154095338169225049288377393614669574349044976169
498152223904233723666318176332168611960637452266378372684071986095873093803736185673836355641985860437499502485717572706718593331625371740858475832950054599540185
1988926602626783455054762490884127001179831784254293551221809264154007157336871013894671634006777950576344840184631916664540678233370908088916318102668723135403555
7941058588117046680046824315417865335711186621050031719080376032565507654582809989279940898601757807635741401692896623744215539123233452786461617885491922369761506
31705965477131272343867651850751076428902880659223776680295975998940344739107755609463439289992458760188289453924892113046737409666518468251492522296011679086748363
126592064280509110417669273128078222244098252606062377127836080599014695699824972247930947187805986256722270269968038321087633159833616186147581338395342105632482343
505446131569735515219165863127253023670930418900045338772669891387673367124977043586108162219038755831766044805611483856293335212488021090155309803742473186843540908
2018116100138049891510093803123837190041387526629053369425633599198496765760886602245072940164566063687027741026704671333160654760122566974555699633375695566822570792
8057870274479197869754404930234620049487911536238554887319455681847417374222031001275113027731085577194358253865659819236323656797181345486282717932118531575432792071
32173420041054547753169689065826287459686306631836483079893490625732705957743344389943264985362586136100626432247904911376218848514759259136808286834732341432004248225
128462686404387019479264067228160920408409693991972361020110001680211909087323104210325223213501655904718453928738724015116124856941078266819575987343059369181278146427
512931727727134347730001644663382836026466528399514152710843355857503712881331189189560860219262554966150434327756618019181678059353656115411956127193347243482715650906
2048070491287309460470998926571772440949441517489845272033887059499032878058097914498934081886081533746230238324369811825500704607016485706130528642181388998262631576195
8177734196586683939310123665840633196488484050188500164154975606725035570383942286769855744153372613990089822642179483957286420828739971475779115370289868235659515834490
32653054594995397805183535334373499784043179723446137201758455102332964780775922608911340485775322947576613023314702501453995570855673484394024587708472676755479623263688
130381914255083405371972268081365725954539978023931065417169291322800386134803780782065635286172982970948737617878070887241939463228127068257416891300859951749420589933506
520611296054107086884590647391332714135031921296700868114004543331096530326729881380128024385274175834535136265356856526177676381852324704099534885454465467543519686623323
2078798992479345335294066420267583781930099670077527573735028831685797877515870325265510571080386883730874799023672257000844895324405307161805737867934293719832348444888829
8300687539761375533899439005172306203346769978416422409534137085957583265667577257269328824167284177006417373573974519875402981284595401709236287327216293799043540871144940
33145019131409721366406965289320085986118717486988153603269014847111481026298097440040514850875833679959647939404868507313684694108605200180798972921689192097515237925976117
132350352699064892247111846743537921778532133379170728043691480447934624110073846453311702540195656887561432507087797042241412685619068764414195573313937066636122292908663392
528487275180866036714817585909373909138824812776284150904723918169279836171178848208444635314329691987435856164237016274184189444947656536107875702109557501646174968255459675
2110311433242052669477320506911320651104044740254796647037734741282978236941376008065530026741411317158727229894048603199249599444900054318640609781034069208563425124038727399
8426769915692008166320938323157050316002988616334342829383763800061492156711453125592344004148617225039106728902595258638047818760293080761287648318004565063278043599400771258
33649473246142891990633036535449732301909509940342503441377339394527410063708488625617044269077139165917110850003302579788394189714536448598382754153070743624751195701889276210
134368644617485991184967228559585936251132532291532845985085914265728501952880694029561218591689808286769095309512355917705909209339771991690862109505529757841681797267971810407
536562254237670759927100707730352966034540433945273891841910860939527562079047885288282896640809044428753452366821692302754540790119136985207359056088863142571877496430281470935
2142618239011949461927854429146807422278102483212208376702844784016288206840314086378597760019238169312104823624993336532595445183332960337162764971890983924233028019224350831700
8556023295893587647506010325455726968916309122074075902183379249847641830887117043366752246886493090648874046139832051807579164535038990702707835859121475200126764736281715145143
34166585881286548859812550310547552488519781523628878714082688500501847670563200205715229954879119059506947080101027158766716649039809146264252009733592675292901645552887171243721
136437469912721582631072683914506815656662011999496844519018202446286768411141070483601734398600674346271827714501408202177829564680992922737065632054236430234362745086732026762787
544838969017608991904032218924755324451962837287585136466170981227061339028437713892309173725790460950632883041616897737472614950016196411347593866140097548864905622470999756648357
2175730416317268577258130009791552461956280882113578945996831216542346564929922821416489430026279974193527142663531166406333784384082902014989062767290594778688403724897800704967454
8688491954510813894338532485793159131148562700849036289558225388098541555187231997926371883388179867501339111858395038794039524604290484396735669056630495654303612708809687794042396
34696535104455919237247226942836846843527844008746403839022388250285285819202187431752026193129147728341275979595201092444230442938208293195222896169852498564739698385396016460120697
138557544656874172748664790952307149885805647730616387628882107386373621614607678248764964677607962324533487244405918534475889115472538108744123025664133792851391514484061320548221426
553320298692891403222474682777002476924905838084615850048472259281444770567849179582354172035331819759185500698783070068704742273211923623995635451744164306131137672182591575609046758
2209659540119282570183997743274527054693671327165595943281139779399118939982650373069812951227140777194513747275256091495170872372220716557469716225384291466988594983347870942208127111
8824222419537794511060395461150058039391795330897044134166389892224270652201856552840577991722947236801787484173254146720922507531432134553219479615471405649083065786710326277175365698
35239507920891463159576701370378834478275052530283180763730407117410001733406222879680900300093157077999074301237957652948783053413116505330305064063473931534168008903836670815952900973
140729620368314662868382616355492200198177289233606558242455701315234879641433899899843032918695242194121239103772960716740245780979248555680889997662635529984915911066635641732896924662
562009263030610693774196874258142393971252352028903957751294576734639732469192658453395955551062297060193913538373311634776552805248990246742378676396775184392886296223720884927138519304
2244417743102298688124856226890000343444061436935781027399883999460287266734856070163729114450818227955033837017844803144927542667560719047407417336786579820830435098439196274811679295636
8963263431641465245652826988954220797049914892305054483727108276421717773268616107643878422315023632381683031041057423094203087777112205512068787656627035044642701572138349807877596555521
35795700115233807485585952644205247015620682121720017938690700663987776292756604012171467388332079613811882134303142581932997264079379446194010239511625888148705291122094820176666544106297
142954483404036689006040441088857762893473871885986684886930014523076848353840011648834203473765687623753398115127054266919761239965492238574087370311006459977762013465920759499151097967140
570909020060571822942050006160082743331836591856547618892677672399157432858533344233394828311920459864279353524446997992245283820277858108913808768762984896923459929509202566028995990492950
2280017706728503974800731531208676724080407457764066075628050131649560631988878671193575812144470874224275315675142108824218408407039501036494028371811227187934988749241767511921954479804415
9105665909875700773440766098962072858104705903205004997106612076909541324110792829811445103036302359119028804665516917222509761954234222156014804643298267965031618694753928906139830725891259
36365316120206075134502876377853774862208980106463907134075844979701557337436378183583904298821183513423517209456364669622440602040883295948767732541987004498598264895843709392431014673803780
145232954457094515652853309540832799083547154746123328875539285369291975294242957145161069063587768595427611128847288889322820168936108369657501255586654066608704205629722445758019666933341761
580022864153564605327410257818834486263380938857772394187686381388872091664473963340197068474512306222270553232545175757791505615842594753150012316920722227220634646926291338121426798734164115
2316472653896144757014556349876557239546270873820400478680654506843058781664842100642266078640565547646365505497472807937957346985661622433800926075776373068642470116656075081093058429145211960
9251482923659410250715615954644823870230375663011009914403569771959682719492931836152128131667568275108188654554873374678777037471686524959284321484851719149570971223117587930194730455529036869
36948568909771744834262094908086441125581775359884625093594236352291357759634886459758055095320757482969210383592723514914555601928887286935604492814894196399991153771607508827453137391765375147
147565888149687310631797615023120816027186403116916335832072044237096067648083233275100014219388259388572930669181818675649301373278733878102275937121376080178189592151819250304690811975831838453
589354224473454259961817871401054025731235473779573042983233941374849482404424922798027128701643784064211107812845200510505585501644705295325616604595977995320333788936199139483415460733095846346
2353796343058897617782499383241094805794620178078387234219166561232595503141481521673192752619125416952730212567337868516185655153774438496184312526969161245766386030828558708417668500245616955113
9400769670466915110948166300732522974924373850456478376255442537408701055453198590609291770545459341337285401913883657863089768773382233545221318981187460880617217676658664768114909844795241916321
37545679914626582994719775129323848170131269399818426044795766996172928585391630335556417570124896823203807481315252941635429329725637507776852919856412048301712216133078624373060079233281364891714
149954172713577166275681101444035457089298235211936670517877396790840192944176443623168301048697908205878518382469346224953214892149947097932565615380429462507987517262605712316928620519661772000160
598906663770820453921379771119101831006433497995304051690159777586693135265277104762589117894048178724612125416763745578240783331009500925548648927412061675030435490426888329984982175112840460648650
2392003063681155782384747611398691483129366549607551541172431046228446687064813593093685492987993254495224834611493389284758004063612023507547349899916523286426052949540613727687842379134430565652882
9553583458744238222249397403028273976051291339109009318540724767808968639250031246770444335968534136248738445713449101152329775706601670921961183161949650069458988248264623901439947778133868620203248
38156878958136267201032213818288673212611920641762481088735399587955087544048728913851538653721947291837707138505501786240193789246297715354791638469709309273179939983070868346604057527136830863495361
152398729750508680878140566234951199589471047027888918186663736273149608562941855611417859966716767418347975842380783553554803289833729214017620186160027285686877512783867740871625608831563785839441168
608683877489674085419045994937938004666692607640834190522648244335034945939170069697840321670449028823285742375146450034828867382987452835263625452713077819560722839519095925286419359434716924971429492
2431107632918674098088497137011101952764306503542346703910253474637666172561035379234030019952104942327017145824264437911522730524464469460674189462948105394030114478594179420267649553977073322219162874
9709983695621973022898649632178611355480147662175514635538049766312003878748811143038380277017319392998951765278020136148565706167515385797179800509011888595052023647821237873769780313120318409716898267
38782404211052378178914115116704892330351375821864938197008858125486757109147058792385151080331577985555801390723937249271035564115963912923049307544163219069039743428533066040890674981423658284726146995
154900514066154702546187636150707026373704714806883102557728767959322525345027894296433037997691010143116698447486284803620942274357718648952932025883169276193257066286301506829293073650511815443428525956
618689693162102144237305006677146509673549084501799498323459927238996226889651316345793890990246338677470446198444166230141391781097147462988430580716139246609976324905565032110906841228995828752735035491
2471125393426890201497183273385432412114954698713784058512487591590888569444747820099092676794881968614300399572886995971934474604125193072046107059664504276334951490803128979821979256168503723958820390187
9870031879045314129489233517463370343367464356481342768708437832991146543629623472096709474243055753111701656010160169110553036707283259569052282509987724308903837946501971314318618240451211723897627772391
39422502163532961761707829236847443152446491726589650838647447194204892910021615620402582763565962204963352341289696056253454246156986444473838933679185543341746560885549207615973973391198468075731304936101
157460513571863247432110205583971943482935546750959284646703766531037767643849003537542701020905605159549016958458596844176082475051862189007386023851870281263565441598155757983903328182258318437764168002958
628928070068601027491875490366417063406725948579008728909660532176389914676879327258494667680969086213174493435700425286912611865973508781426205165814064381674843395904516755721530794955784225576378056190135
2512072212210525403071442356012424845797416481448505829783083574441228216841417111657040414764686609340823489484582764611659604205402399212913709125418152499422139692810469533836202213425273325101646097671395
10033791593985604702759031508174741121472112348295410326934626411195419667688283627422736430696959848882777005177240264773472623201461284445938296148456556283552369288077486407293110872281357273303771674627451
40077427613163658838960152908901208766921765560484093645079509278197603372426853011452501434206918988100980535405723564340420998623366490963982953488244127255807182940322350888093192542927500631064988979409623
160079749249139293891569537737315681128262292222352293310298565597543547736635403124148030646657944913188394641327011556554044248112100204335564784277273218897158883708644335514663468918654905641982723942868648
639403099144414157433203564092911738691840445299033638918431485390743018082288019158868329600981347748934017585178833211086898208131162905634209977288158655884081155907807185237088602125644675638003269037768600
2553964480437983935040160282855681121006578727337309978365117784907629428247255202865435015187375581715232961385721410121987354597208226288741047146734007771312519603620454110735136260362613190566416858763279751
10201328512436229422557043733036237258605093474965224132664918938793835073058024246296840821679919138283256345589810005740773458623058478324283375968746916633835276852908702980406570142283892195115878211719703508
40747443667824702811431237558849822081509722658442424328911368745235418703240039230652816800745090012585344504526011052381952066128415418969776603016295103843693844047103537962725193348355690324891887459211631579
162759275172374587194634194807429938271740558807933759597437995976253470576062240958976487480718047617886462441868180547847073340530415405216843150026622113434761571480063869305642182239269719945927203987397954854
650119003114438695326388778234612887758197381727836412082579489890995143206868004230621368535111762707169245373499588340824021092325374383519820919565364993282885041315876215110304237901540779259401962944194181807
2596819114152798765734653694549653460939058399697947521427097993547372254263738631281529920081888445562591618884549884404055116993959409518763654562763889289921588221102498603133641424506735066866435317095728100930
10372710396929569609489545539840399001689055829834942465043900241435782834867875254232477880340367775382305887114608501294827230966634793800458468749798258923475096839178795574525949348663523098947944682418140637009
41432821762380645434938666495052241013622497733536431956535658248171372573796185706626038048650983692709182006775798550172970602777930795430266680460624420520216859154398052462548966820496213965062745005167807068252
165500178585849390009650965280198471018838441454162110730129976966868558377428747771452804667247957988523929867705482493964697616839923120743972810600294987209147554640222227643023724212466757176302279042300049756817
661080136841249548450082959454584749527360102504828305827965475637907044400200046166339934411376745108055056005913013366175704405121592443668002150676683936823789980517935698229610286216675373597068574459772541021360
2640653555822074244804714563479695994080949612037358795622789774414251033369190207695157799787629166649516290452019210343748582020481240239162591995267054344791635583152037233035880409012641385106219611671626375219924
10548007107341648610264736582730173058614430007887764211346923975427363508981865518361301108742325258582476737541691797281253805741513083138955678641910845379246293664582992647684036901041555664921263433183528316917046
42133841688285845681239771843556642860226115099320925502480625165070598736747453895773089155891292336582219741316723828781628201526993394420385917962031778750526111423952596191358320443334198535488886607920388065792891
168303580031481359335387078398229908937123563559299968129836636821819569063570636845712901498165208144948324925992014207563541452792077657288271190945590062050326685907357715008953621760788646539684722940725745030957157
672290987872541753855374679058783805148319338823321443914869106759112630392858907957012991320097407802410874438713030483724673436964948240520414305254474624397605208880969038373293595302463030568959057003551692928775550
2685485776668685589024824484512537302881369058055562686820540643423331260771574628959119568164330811825701167582198994392999748200590155764022851232715043295764092930234418284067516214802498971512014962519089591832181059
10727290610777552765599400241413267835294296658575560663015311529288025643560004065566028719447023156676398881142555652559745423192947490454239986852969512974157717739516859619912005185376755296957459343055119439667524761
42850791635301556192770002223859925079586568625993884969523656466235362746617624826245508877825545722938613515538967240145447958009825729405993198308936211007971229977156184929329781171543414215312371466799469050396729457
171170633524196194671451138535016228834585952572922943965482118144768455013581290441749759759592585374406448690542628785550277465260017412787680549336285322540117028393086760054291532781204706784165452293490293170902902982
683756177175844704101401459346235976162109584803201630291116847209044815592282774934186535980837453163163077802360225457085159397218572547280719124587978851192208696468838764187927025931967423613153832555667277338025770280
2731334279740028519172863642387492909816079279306568159204699721397232174382225815349166899452978813304760608889745254111750440502354916317364365625796496718269828426882773136965267122484179929861899956595000563246773275565
10910634994354163515565467526841002345138256968205443443654545943801898013498014511584201988851216424506824207473751744857131081678166449347403445712887235381525305473439030880979115355788494035720279899984577333312805836591
43583968244611595789328175964104397769182348185979875911859273840175952905534444622189654368038057194524419814707033754580457611088630283834104622313743242206210589072973990457752366878511138443181881497440338431453819808994
174102526772149057395170952524151590300990108060925434979800026170860944622740146248223239935826760776651615637507014562213661841799976095440452608157600323009951915059314749855920907098228408985217716829950708350947136002537
695480460049739327471892721061802664412467000801521102052327343532914087841958217106497032902955205931767282977350604005240063357072021627263150551537835463065637976976097185388178552595287843683406126545153522570002916678951
2778218103671468757367826255120449121837360100084929900190991425590547939270951445753906162436872702790391214086854804476629983521915275131748672765126114012795613645982598314707278863443891067886664772080368562940690233784914
11098116480717563996076328940079459032962736690645301491177316690533020938300753067824832962672162416132156493585986648105630291465239838366165453760841654124658800111774791396391905514904926176371824083313408887034788969002309
44333676672704589843275398904623146431654037414897819031715137581591691713659208655929676357525642073188002482005664448440494048556284003270437258513667205631140248842307504797515686794019777273873565307504059461493359507308024
177100481439340747130343534653561571572735860192834968594671759173224310842216280430731941554047033244443484982460690203083551912417882019790668981071223026411707371065741969329062485990816086779572508614661448228229240860174411
707468727202034425582945281862525196741997057344415148898988848633077808149918732116062058755130532116885280944273804294414245877384821238980266300446380361039072119128184061065622013686463753028767140260975784465644007693922993
2826156827107406290821921887275506558177921095622353180486939147772388864650789202812683683556751714643209556730707896500161747634634099240137536482074624615446305349482300648297922138585401138483884134368765463330129578586975120
11289813446151020036001150567291915946687050128754235853246013670667532475310741043913376635456152517803519088974838754878001955935970908273199138733688043185751668364136986279563843630582126540929891471993632439040117175553717839
45100230665462873214451662360870045511590651056109170694048979046070056179024500537267817202401952476870260608204669325194309214450421936368529405997115274749601792046320732310141230361541107277362057371268517067334479003563182780
180165753448453185009348634327506893106948740861563192100453710175884333375473048592715914195811413028479540615622869119531815634635319980138595447976012064051139569661548285037464159406984899591605449974050387214103476102164657668
719726005986450030299457054328467900783335909020248618958263286770104645735286433979143575067007274649862764374408232965787523158192916389604009129347381403680467546083067779004566377487376234577554646795014419549768871717510786758
2875170573747117239006149049264209015543074368943998078153093418084114143003119311910737251432815161814337103306348318958364495561288476820031793327363807167340390509386192551111110056131019549297326975062046776935372826403196647965
11485806441145966631350162151170657385788293882477419370578874304276993673089535155764464123208487488475600169796092932616425489067146375746064037578369175154466260829276168656700307640573442807349587080404730951036552029274270976848
45883952641962488085189930306075962459422772207637022070072837740913254937098497434857647469918260860363662896717824159307228758251532822515054771678394393387958904450093871399693160975668069324039326008818629001864317390918479843822
183299633321979169984851134210854021996450582904403413781534142335704163344512259206497675777365130406544926046501912059936697858317389103532808626356121157531473070567806642061523154508173683606389795156452318601286480499108653806944
732257461790330397005116942037604582535269812310180490824046417630643866591116976458994878821480476551181110806969563774122080874498404381430617207354318614404639441917212804823687583133409104982875603377640908137064309588627929256398
2925280017986330746035747849473098359582873566363807414711194912235058019951203964109440775836240165725116801152273398227666973303905552941369467879485204063801701764574001651999658380042511655515691502074984898862178318730110479158458
11686178213323203975217892747029429075976408742190968547005929663994210873594546333470428325665302890795113850800237787931277054906025124940872435871408534266503750255574861390338999640470556969122065818480993417392544280899300736670949
46685173787546227737668655415761248776621584801119932912341102206824855443591254750025475746271477034341728729313962575329369980792198795058770032693541448923888177535237274155916102807686493455083669851223094513190020841693635935314585
186503446559945341975691407119758401431676357355372536488580383933284621783600892165310412253941377142045334533864651094075020488944476915209723371118050782358297444096620038757863860457684269150257831407037782006438233163285895925508131
745068399566781413642434884102218493063748593517372214520813451149441405332120231489961299656951186023720977099755394308573453211428016046003282420008239738830550301622250158552078328593154881357865332954726821072311332818106229540100150
2976506391128894928014473429129227246778978468927009756293215425485933944914732685850013488259903329809450848065420894947057997151014422834271350578002198259145203846525511229978554501135529896734451981728662747144804997084388840793307985
11891013732604736198978242947548770580320667604854288789628660129946559477692500161175407937386122498829692512863248331628638537393858044930887912699013884971440899654380637647254652609251731282201205119530060209614423232870916530184298199
47504234155783206085190951820082680116220863374275531702648835264477581488349174315814703803667920348511285524967734262419901402555583563658133485882502284399989791049483853631192430372960765302080806497294447325135493025996154548622015145
189778554052728012815172808638328644345994671842669102835049528336934652382635006253016132270719126927535715574634628476273600164496671717506583219253698597607562253969068071408324751977688393398601866147315850704335673087632562548278084598
758164265505409190760762823603869660533357571056001481271210354108636142385967218259113000283945934868519517510312440529720173895004565805177075967073318615288856084633405744055796077223058298062139585292552292138953935835829932216342820095
3028871488145932592618918614327716043320261777397045570146526078474241129199541777147548376585493859832187561880743124778969485060734437786531598108600343353402176227857295658104898639073986543424866402115847277720250004000564481667348292005
12100400218548557146640985495057571268494379445823651052350059294383823838770720830666429062459386052805889126147036101706775298328217950751371973316702675819732417068126221624531290046287936016896934164268620769028972499913515283881665503274
48341482778974691679549702068945875323937514957600582934862352490344077021221372746171539921892971795116500445052324305751784147973369135997382906743087518123680221530079347156128228614116634610299467042800723123654015566664525965590200060464
193126352527641800360668950522283441512925246544892900325608289430346448113247116771512288448296864251823066369991768449455968798426027961966083273423139279066541372676429557891982590322266169979621106612733832107118641033971519725730398553271
771550648836539199843950603290433532550142587209438228465411183978154858677071798501975879440785180169886954920969354740821746484398342682912331989489611562996917077572051031320058448475393323603265134397039723277559362662186654245279925628383
3082397674962626004074616462375056798033386471351565959704618367740222138343652281221945999583096378325220015736053230566251746688176337006045648976153955152139240308339678254351329795565760277036136104986331272670112726231732209572855627571295
12314427169769362574903190071400667135624732533923783106881880470989749118644891868064976903014582203056416312750671211266519436901651812427432199519257945032912298744400108862307901798077367195839529566324162151062559513453609297288030050691310
49197277786907560594438168294790529723511315061365283789030871827413879540194067821581519586342434542466697436568957793909749511509676273066359681448797393010869770958134157970819581167409012842037709407090137865171720285988393434687494267025714
196548275028143249504839793436287967785127349572009132615538890803945409624627307409342275361042811295867414165870312775343632574778531796056399966292462500676139988848391840860287218818596674861368583694329143747444343560303869702738069563328798
785233283764427944517254683425488627322511959818495397573615891688215718914697116289689341772528126700896046754317599860386410951668075199754319696198510008114801419342572693338222837553823853527892459725473802977177100417740976901827765173534149
3137107896255236796748850868944311082598143156199216600812761860764767880830911408096403132166528988552307811363543443676187919441924452401995257440109190377520329030898652104350736185183901916686753795934314527352039740203950581509033688179269152
12533186395377788168946445841141406831270823698759280006429388826616289682864969423834095759015304423702317602856803383150863019095460675001046242322367569716159803146276427117613754413606193293067643242590723544871821312457417863180799280854177180
50071986533594241338246045840891568494803421930184214731436632516376247839431857946718011174266461016863144710866610348822212398196716924136421228019576632249875666876153934188099621169005173910281626278241435645518418521773731183188891175352203186
200045791424637962698981715570602947195079075675138709733349530948374713114552766660988807922882815996111291830471666217913992009416185297792259513764684563795397993260232976540121311491958775678249738777386364027903567456905718021995444260785009094
799218051525549982142270091136311632939214139651178560298286342581382554291264674020831411592379105088670259375384870766639067399024448786181399888814163891222388921893841711433811893509453361689551498092541433312150997787325583861744430516742397634
3193025683743194018804940290984770959235724610821734700318847388780153631765116692592417943746110771883967440280551705100208918876285314307699234034313363213969000801824865245789951625748505963260958562416202857373198423920452014218900719302590205473
12756772048379460812807876525886474039332286672436483205481502324270556942528933015682320480185573111767092311818164809551185051073650630712420401096840989510161080743186068332883179814288955962657089584344951067288469985688266656566734901146766481581
50965985731771923920452148002298994752365075009414603451342282065507181775895559388705880271477035791304362618394412512059103693468298650588015657853512053957729045509749761912117274615227620149261432804171688530511251138029570612512355799137296678951
203620408956012041148701953079427263841634525924980955138145649546784841437817806498499906279665648579176012150966822643164569307256393665488822038652535298025592287584268083939838000098440925675134335502624991722745895020000703722120959767561300493428
813510982568559328943924390009238446262531242801125406518737694052207345491195209796553670655119334117857949443415290418879109840581016479975651408703780182794642923057851787267661850312000199396659149058974448317522581989264078945898521227266056411745
3250175164963097994289368961573180125330514379340315149357098195774381828473388998847698573639957950276208629278780715768573121581415237322612984175300966799994353582446756641319847431006095029009710701959251455515038865659972928102848338373364384744275
12985280660983014340858860661299885640368841299177116384040051358171295885440713604455470552550611797770001344943126192816942144859716761466759814424936743090229842067273705403516445816808831056333215434127328145534110095265483431993011395091391432399351
51879661594964501850080885176872989183066007997906974952353937465908969478897009986866304199068495614654763649374172102123706110369941996377327084233593992237008560523334507325012689799551283501006847452998743720808800508486193301282657169695685622229552
207273672801128474546027553951459231756577071328668190139914725563334210738907054469236911061597174355266771333568089206111272754742657617350130523952723119969471564869681797778921423465708400075118391599334672418979494136434014403536259232719266848516424
828118258852992155275701119984920587675200632228687835889614462952846137274004880640012405369124340764007322323222589173255892572299607765467156312428740893820204162687297415582410615301279061723419574235516681382350557104704903223408206106678904843074474
3308581072513314558947107745086087533164393846457149000476835547855436970669752587400586614982587415556128430741345664432448469846590994934563084529640087702617296429462881305493599312513634564865765950723265279471950010658463183952000309361431167177350508
13218811181773354872964232239405237620799875000530830496627332325906727243355504234199353683357404203373754003404509437403654248660171209824056368923004413915561560386507196245587855502874045027152710008521604399325296603794378457711042545237322877848898407
52813409986938576065672952000764319758976579110261589706936482540413719665808654350008239281294723290405356130594579097716735226159563533692423233603569090849330740760369310141576562662383271995764422139139688549088779494904297452593253350737045400596864529
211007166679637931037580089521110102044563404016952281119933319472329129460171681822027926442603376947844261996943653475380387661178440543273863394061774156773235986413421476708719706587141653210880204531372460878696374620607529537602817969593092123526325477
843046216264202712399923063965281067841194616818164619490751969761311563868700251454790540560210426113939995173695313691638244323714340933143238295325322324694571830402807350321381834149733602530868399299190192876866691894980584211045405592483558242969614591
3368268753759494598582025582289430834978699993198941953519062580712404820843464415358143406181002299627835976450925920186164452388593872981191523251302356608283890199685225779608306957196965936853682158768280422483760130454514216836418997115244292179035890507
13457465014712947603811993851002822697838453772425392500152223292836467357258759119697491494084247373037374205547315595994301502601094411323889592406273656681374765179807645381374002520216865610407555130098916862823655214157005088521970754561127127038205232381
53767636578410194800594921594327125086888831601863894974776536331202244002260247868363671136402504296971879096096599264340895304110065033815406685196028142843946376182431843795580389493931678563205960693218630375702578366054330953539279809998679286005858483006
214822513481552436261912740495290609927337325534182906913063030960846069292625553246440065546913832649628804455092545259828200562190057020464208211854217254756422582104387222142841613637502115130318341502867541256170947069999683555411069363191595244276681883314
858301347142411463085536421598652581291150967227590331341354420822185716721326370751730952703898735290617555714611571386769514800710792593473336184264256729629318172586758501275348790633822508103122021390334811594991955447051250487749901947161000333013282516538
3429264180992866458256090312843356298202218019927262397724618220434675856350314987363296742028617375705197025078462247039308522215390031343260199767627150642591214064350468361069032958309812735496174752148682821033585370035027123700787217330916158428403735530056
13701346059939809368382468817982371336225427294615706249255957356429334508808967651442519466147381853033375324775966765883414403467249327004315606027271741582839777356707696090362799147023207904712589423239637525627799461836873551747836836804341701409632269136510
54742757010882115646353280451497006634760012782576145006180317624956889431429825687919772258609637598095050668038721322965226545109663798632998584155502359262313728284832092648596167598943414656073932565646870598283890246108933788874869231872056061287808787958763
218721375925120786932469868269638826695471608262637568671744287159165164374913059854002129517750683751931370012383528339790795590953932315997825145932871744076355734208760813203062686957336201510250680423735019663093802746688394906113924448182738867427986179205506
873890302924097669855381265044439633565076408162786905443969787523966461255939227528991398642897573813904699929315800261263145082440492597902773970578777768007111038725197789450297977709168031173939614983078634073455558862924782832577322483642374447325027148979403
3491593962034530208835347357135013050257415146193707791839590455130963928887733761579327667914407896246647234990477593006244184385303194367905660114880290599220893139728019020001073494707916349217673684673866831187479406832249694015426503033604126935375225272001332
13950560756336293535727851556003365085836605661257698227646586858038578792032940311229334153578342878928510184636008328611177182104464158772510542922188220621476413483479324770394384094555372597835837712169313243968892920192711672595161442881623428899952939335103045
55739197067512504394374057887538198863551148039701905951739502093803490973189075751256388206206011583834666581399270391350149970010927665470226239941151506505023134734038686561008702864890334704521676121749806241201250473919921414946567698135902400209969121609891565
222705457242627186466747759846024294159724246255076128165081663149038697772713754497489891190153067055859052291318944051732503524009752548464454444867775263485354052778367280764876016899599386989765631905778064478839441041194037343687864048182016222614403522067010630
889819896894291976645085250270901078902605788906748517752220693887531413922983777447932847130866384198104689028430818643199411645105810326100029772840201199888745613684899794414903379791647556575396383396411281376642619677417967589220191379610719326232721663807756330
3555285351280247513092870188443012720193831718055576690243749633280272650232019009652626420161194960585266100358335242167487343104438673494753261673792701393162995015332606135003403931755051834894508493632473645850985053914119444915786606975317785705155331425214138615
14205218125847702320745112622987649814785417734713221516883123112095652703986378691731435566325270567506089622959802013347745576445781510670819627942957471746884086795160264506735955616033385299122920465343083032822295343766825130550044726224965969816646329203104541245
56757392850935349116088000446401864867730171736577885705232710286845729411797397243980112924298603339454533141668184748942869884878546165947896465651061387330643182108246706642772967084848947387462249488726742805168443294507373200417634108639929729074222409153381556000
226776501893810369958030471270822138511400884580876120305426132325543929168968879897894823624357001835560935361439460375170266673897065666486324967038610243479445253377344953701646239607902819260243594154201056456631920592530302638301045287230723587723161371299012917235
906097107048621112251029952966491324040417714622775111500829838152221651724787553184066866950772133110329480475721194193564390601464920884211264483483911687633126182774703068051072744351155570313623917426519319755845816006757785947067328673949923090066099540643631032905
3620366261181381783163483923100580575005631857160431331172953668623921957561495564989489463671853162038802714350215812168325980130454168861766097649098955277790051895003989615020437960052577820243894663602786875763207393453032673394765234557973193527859032745711441549119
14465429819534306382904422570753756921464530354237293902636595078203309230874343178307954493943904255236604982816281036341787545880936306483110713728288174449462438071167084209497682311048723791666490642047073816601593684253835577254052248811115570672915150779124878640290
57797790967970661340567601370868002129714196537000853703580070337228392601976318185307019847315596970034857136087173877120867269581998596184323844651655648974931887537975840523024357347073149489517793260065156787240549620220078508812508376015430670159818978501670659166941
230936296306670156785787415307438909957025515921399916677038317311828037818992944147357074394582533425317372910036966090260468952982324462154675002084254259062446543556970425313564685926311628699000592265686846237165932058993936763342999898882217796298642193135211046426462
922729079064229674137974342964713117793901702423690012644881910403576735412918113219938892508072387717708987893082100474132938934562988645872633758546481266249632506667779362229165508169738472833082247721991437351726151411205910681580024447651227489575955560419818713748111
3686865274158711835553364838855267784223236986013605921856556937334275634787619900186317428622422955511827151428034987641156845087120733398111233679198385031639610573712928403597843297909278705891613203212188118255785079458441941647848713262232976844851009083988112493744228
14731310165344536780649210979339696885027370787827765743944554160012857350995539689736542557814811896631768686055754783103575918633758425642375101357820909773692078640517693581575380329236852261601189546496957929752435790154241773271906588202348250587956749757329829894509838
58860848721178930763415189259778747570106532628321303719045860772414225645091929699342679202500884974980724458997619174969545468609652555097292985988754495855154680620183258808075888498661162115417115989077257077795789989843812546686446822587214304849415033834154840065049901
235186669645492598366029260112722131023694648871734009650635561258851595648019485943975022635507868905724435575365805079790831468822959773635828911074482248670234248942956601197179912094815968441786767585430300638537492334869827061700739796648097535043825528505044382938428573
939723129378955610882380850081044618665502132942749346090135051890047367024103121719992251317252174494054454316997520177647137965352454374734901940495589297548452383136626193469735865005438505779281795083006315041697964545943929998401405383189957658520219845556324177705376937
3754811654946828401886879716283297352356483837141422706092146417602846313765764771254380327340818023618484981071304848487052868566937758778073051951584311910297445111849632667493859244484194014428400997283773073204377840302771672780165351947515233285155724606890799552973084530
15002976217600979117419125150690542728287507574824167984620257909067282100695389365980977522899179920660660456941788359476286384123537215870938503219771532792235458289836911341503391614360048021300475771157424496928285923315351373683885059567586686714642088410015568455611377204
59947034307229447821460349265778352204586683821742073617168877441678842763745989969493392699426310113883563979985380523278190166954073603981411586843625223322216184089611682607476322115421436934973976340205344488958442617585651851157571950510885073518227177186512743003812875676
239529494605984267351466105752745592660527318737018817000028254993174339144663483695886330126656708729598712536232914892585826520493852195350526388545122774030265337044274227235223814138119960378126972669379934743221946949362178588914233125826890687051737046060898355860189096917
957086748378368809593006940183134874751411478334170048730432969303454740877156807842949725735113207140289450068299873767013710253971781072673135937278141168747542984493438134932015649860921783358892848445932867689242466004148212897698300936130752605483897449916313669198517802688
3824235363367735579618176809324127085630732966709120339579906857587132700421622376892720642703707632776564101269662539663133078634361910260514651656281190802544145138161728919650661209208941102920363629035282616842053616290511185779187374564856507963863862871343312506561977597994
15280547808194378791635801079174637377903456895886647210927676695982466723273668019685820601500767467439664629720801391981904278765822439854527992756699970733562245735481739658376599376554794894119436240122545375994845297174773086698586286955411541833297139011890129423048585182258
61056827022066144765647046277936156229045931727753299922005253990013500140782141299915971192249557548282261101118983197007093620912035659935755008336630423850630989994270107361990277238060203902679243933925149104571375983710028478982030605622380903150460861521253487438916623647789
243966688237461288169791428445330874166536635598575460899346646859839161043316043242405253779047636526246388844765944383028438851402840539109437685325580238709588291621866892278670076775499946801898704064641736130250478829681552536232168329497663740117412040570890127683764011348148
974827603690498153095461919581678883885317363202440841838670710794377886854122987895741423864253782536598345379050142433322086393567358831102227890780196581206242847131045968211296027870819677657062600418454245501915513375010234600136789706993951362620101248908963275434469164090875
3895167067533126547568529291506988551743425747272058779593104354121429031011928115042667753669073149196525657190823261176198961863638214989151737953305090523357200458640957497192761463951375905915237100774871672083783907214813405223503575766779897924499883944380749126142472947282130
15564147599484190527631631494255343794962765696729972128373470947908216867300527717180076371144160773829428171254916170392569515067263502884011602563583232210722415768961595432361957946044600033519412389664565113507060372695873327133624046382985528140815604394668595319064450216974363
62190717472867650649170557111634562459777828838364268385467700235573720417079007162018853818423423042658372469635422169671046496704158059625961671620638341386785949603133810793635276995549145779228454244675052325481766154797651649684429208138039303798707094756939699280144195913788458
248500212792089904198925546986312566697522883722846270854007974977436163844684857504022206003753843765356541158395953818700771790105005086397966811487900825462795685218473231591312598919427711219533283618355362209515834943931076082966209931506079139676983278505455461036049105067821760
992953543588273357133043125345522134143114768874190053258890022183204429811529829787621676907502987896651356119359294377225229743289150697448583683426142878565332801317545693501924454387805296527067886634597143344979461101622903591775605625174747355812941005104529909649472371639396450
3967638157475591692635343524658734858448116767338598727221851593388344260050005159024741316099592900619138146661770219593912789919963318232228786727037407985846122210676364439218732164975392727946031454431653252557532332408653519522531082539881514960830184294125629565465338497116988061
15853901138907302304991420645774674506726850597390842861454273488798057962943012923738183913525464918198620606386877893194951680605169279137224611200182539473914963301267170149247107829794611938108484865091538480440189633406715167937441139574578255088963811415403654598550561397076561439
63349207796810415852036265810796501633868189198055685589966021437413320996981686956635198099751986901078340300651434498421899061602980403803932340657674303065752164147946289289970164009717581103796608440136604451455333803488611352984376823382505110239052346708168231714471846672378838990
253132076601223130136083259948296386553267158633939069937848794343301712376771799826155273052749951670153139429982164902334727991114703302164592473976451369612318610910417020823031639780394576568461555681813695891869990423807442791349999125619481758334999005959827408121306081044081901548
1011472600499895448906161148472235174134769902993522661375287909423458485387541381479945667917503777094950324575163736494957069050584460376403523855061358647369610898591440881109973885551662770200548644637869275690195278013189680089012023356919819715601972087453187124572500872852446367304
4041680759209753994130473290669081533457670661438473435425252568767457277394572322306751121227239390931393966348351442532388497852646869014290647516459196382529240998608622869421235169430505091127776776706014719369434943692343536813147434249774282398853120697539207215181250060594341444923
16149936915299457925716713330279214770613340395017079931654635201939180528663447270678726948902356362850645149104422184943299355852680820986632500142746849452923302352700117745160161359365687985866170703969680623160458896737174856403983638973229868422741552123755751947128547094492661049437
64532811886655132747532856611566720648735107185070482428228454822036807013717702528533110016491720930713844310066598729037752790434024395566239016022242826903466106204574272302680263888646677932975288141987677988631572371864535750041906307307829545145728226418842705489013259170876976379811
257864334978922720331192342697290780373317773127023112636483078780893811520502089022145018914601594942911832072774604441654504652865083952544037378267894741456915292850176959605872015055813660446236719830211282065151181195346245137190047813534013982312390604818537323866322326117801800403431
1030392994627525349246889689673951921997194685664431812761095615621520245843253036250308709283735651476691810019952921914311079282978869060433781154944552508849107369186168612625309860217323580453405995411079087405127761012968762162209999956795005060028546229941227079583874218669830921292705
4117327749225016712293028709723560438390323443424222167889326518417655052872514641550712813318290274782665501796201333687080704531575631974605167075720757082269603949782290726075215352176157102861313118909544802568366519860336045060521882214166081953360755947347853972655709325418086201698952
16452386416936615642148311357300323253450099148443507339715673560830557405965020404737150627449600786526970443997684421936233031452585590664007831875405591622921452020445128156219953235188273023667320791595235827345323678983591373983005543172383998067898693708870473632782492879368373133461603
65742055623187346050468319681692347153833217165600631206705869587985474460810073221050555965965451841973449834564165145569474527435778247440883218759120293761288028314171174472186562011653898364574989122133462522353102910412662486022174859352346496060276848984344820840560962324843138713535023
262699091152797626573566954660726262577231590669005468294541149111680632430529463738199972202189007147150228777993503506338779421963349967639699818521941448610879279048745694337723911120162424590948081938439927877338311278199031925010200699556269202905816067251944460802317800817912970894045566
1049723137674844962336106827087544648061087974089925044663935855970585090075208786573986224454426663911149016001946269948622970717779323080816223362954947999941488882251152900139114292835713370528395451262780195099673394930483820000955107950531170854898170968077590195830420210791698949017335195
4194612769412257152758066548215075321400498212932149714030332581979173092009308148754111177170010762898358847634502579509353280658228833439656143659115513200699771545020895347610107219598790371871805210182797609704859001871754460086950910163078179998887968897934568774996105327953287783961077067
16761384191306032079248488095337614360528480943279406150568355761192769774513122390872522147168720718052921713750334378147275521746356969454172993103381045245174328558152033590245667591856436978929289895967158239680765809660711577922520791076473645979156561967962392018697435898489769899349206328
66977477114553185454700794075900145066112738675870600796295415236936643629331146212173586530272964432629323458292479798733244868495744464742458367355401500482438476474155892304562137638864024952873821210978268670368650955587808881839866733569985277900019412875519756959201021298675313933230672041
267638497222329618700266071588808274549330277154700586007228060518423386826250789167082884081889630030830848941358270310929175442511637438966798628289166894570694563738066207297019502962359641977731458472602252315494440791028835266871739453221912023242879921373608683970790244613116771492299566131
1069471636684200614363865399676768530942268402336599755145971887082016661505123742899689902846670956911508659450558636513318118953333212009813342911295053955432069580335875401198301934240854671748199234990350678239511708534760726150093769445865749873833091895007031608662499895132561535842012738315
4273570242427412028202995663118020840844791302846637557029563110373663941569352802238086247111242881401566980424409108192810127523103194762243708222748647739105541361188455667500235496168835098536313412487445454657106320379946571092803614817614766870670566335416984381208755000308074288863789651945
17077067906619268645107555367301664606592949400142379905252820125057372660802681635762524224786592803016290750132090481393944919991477314409331210151382362768450059063062699706703443538108943173209599648804440541736018542394080959171398786720373677231768439019255115544016829490649606012145821793093
68239626942540632617346051771408031858704900269552030228663632272623180358694918150660996374107876806663900421948380201339392843185361929447911449437248425892392286129384970669622493489073196060289611188676336258105614970030646210079145088961045550142331679383603902014707067263718001797040253768533