1
3
9
31
108
391
1431
5319
19926
75252
285750
1090491
4177774
16060401
61916977
239307063
926929746
3597296770
13984508500
54448030092
212282062488
828673761978
3238495227846
12669206034339
49609438177428
194426272287306
762591693349548
2993296398491325
11757222772396470
46210046458534071
181729757080794447
715083638339167191
2815227856714063290
11088743421533991030
43696895289384591288
172268856172941780066
679423164378025868796
2680659360149460360444
10580390425033194971856
41774601314867785934332
164993139333399540020508
651861553049370902534536
2576168234470772895689520
10183952643624485843911650
40269492758240595694990492
159275254095372001409826538
630126699742719764311662498
2493505158953111682952356531
9869409080509309447497063504
39072073898079227529467491932
154714991910524618462167304310
612752893828532522337368745450
2427291877592384875258764285456
9616988782899546837428615673124
38109538130240328557286898256728
151043795137270738402840284999861
598747941531406483057140522918720
2373857103005635808894639730946306
9413087468573241008637009768082944
37331402777313082400452999936400491
148074080428141471698937413248672946
587413918417483665133856110734627753
2330600896489242280251288784570167249
9248008124790439774914905095428588951
36701459079338219008601781141656983722
145670493540190472324073993754185708078
578244306003056087416904904886556462736
2295625820549880023486396336419022236230
9114635786096577889533411851275202477940
36193001801248833691062890886628194300312
143732706005723377053912919949564431337628
570861842634097850236461767087779373593698
2267512036402944249989608302874862632487196
9007622333575428219344875213230171992693364
35785869712312446591794759369293795482171552
142184654409393916531138552311780614321419548
564979340025562501411636486881244233727999944
2245174419694957317403594261743979212559707024
8922864740010309285787185673554873446714555256
35464537798839996879355995201401693316026877660
140967555543232283012496203821196600524002942180
560374077970432983348447647151664093071033998868
2227768581174756564553158113204263755713309070684
8857159728250012504441181995588832046992650571976
35216846793910547764814255149428578911474986821688
140035227281169519319608618134132964443255792205072
556870552486652217832260018361402717119294270405024
2214627192342104148743726373952304722959189623928690
8807968516448186551568878224608323161326585091837960
35033133125124203244613449561272788213456454702437140
139350867705548495853714952474320012624337412722652160
554328541095743506514194115416911414558415281019004610
2205215721464878718586954093355142823013563942707654220
8773252502766573628823325464825533135500812219356059630
34905618415658069794365638077218123249636584285465020110
138884784919568063756886412120758781681338046836709810515
552634653939712665692990252577563301665123889406251763560
2199100964155917323124258142180649796760536508394111601840
8751355958981934639545434929563975388818235946109115334410
34827971871681600122267539031139557694974214986522164326612
138612763298633720406390587795774946766988543580866021117388
551696229979994747221497144525777066330356782128517175594394
2195928222732822542683195833931727121542008777403249312682534
8740920649632766985449844226479121880220010149497129970035146
34794990619998143705540910485953299105164911314227814250520160
138514865883685599946309302954878460148683473994412762467846480
551436847247135004239150861330128304355186979885506553527187068
2195404463614072365771026644433310258222740121488168657805224484
8740822609859520980831223042678063311318035380605546510876237376
34802362244663617219594064495884702726437791343125663108841856968
138574541927784665154366756669350976542039293238153373140906218992
551792966774054868780656240166857228360581480075993110680310765861
2197285689555163440596784534095159069514949084561279475603740432596
8750124604437327542266644017218503265988256252780929139134771851104
34846485705663063060888450892651918524755193246227443365475562616918
138777951950984796851467611046025305282042160384492589827820742013682
552711387419925965253848336154272959507165873939651620004499713539024
2201367336937425550058053835190326073630829097395736997440155253693040
8768039879101846598389528468330145930676559919177684289094535547692940
34924334437373180429230543627845896990271653200789111845756247974268083
139113450445317750776728020403348045560333928856105933822863053235598152
554147290279417787119293891654119589018009522832267317319387000881887862
2207476879316286291040060858364098035439977192894495281203055434028319304
8793904172616814468683363996412561039863734756584176550120639166090031861
35033350394792702914562758880134563958797950500046055344888517298663866078
139571184586413411241059776263650718727362699027729876653017168789753501431
556062718177892912594768045507967438912606070843856992988062599587540804143
2215468063651692403633550608126140216434767385384544848254479987842757210135
8827153858811709880445985926761214852521353533559513940470931085682821480010
35171361126969051476391825698914047181359550346752898566655703641480010948606
140142779490870149616849982080957575962354062856419126944320928177462551027872
558425380604780253190340457076303849386111747754247477523853463704426373894046
2225216370888341042330139160062286955787997841422854020134319013769418077777860
8867308697050491844096267489562815074092015169625629013667283167835799266663360
35336514204745941217385353977778900661278507625610813102462746588346515816775268
140821088856737459932787741534049450052938985492152200849769614426900702257054246
561207705093963955759953540441662767981742238075517416752585225443125843346152348
2236615405883568113389901807406484750781201901419119275163175712233559216867278940
8913958088816247970651914534001557775985717360197372804326374237438089198341384160
35527224881701759659938784186197666010534148021676451649269329766397678567777137480
141599995571775165042306273973760523548704802281291740876866301760015056210546266800
564386077359668060915798455875680551449591235725975029177324965722661350779781346020
2249574000665039167055054789904584699275033681707964605395171295076614847594809667500
8966750031162301203688918739538235384373965482251602446676427439796126212451945505250
35742133955178296082652585155727798458735138324362695291334338874973349583707514757180
142474250915852005772942994554464276318215978429157877970833163218604230667541977705300
567940227518407478269027346329913320883792430089241907892998838456566632877264708970640
2264013870864924126340713592722992510282661670643333769107844726641870410643284897565460
9025382165643481646761343159093226458382018655654733448478875338684571329370012967869240
35980073568138366037509813306443964283819430603291791510030495614126391290502533860527296
143439343866229732822628795615901421899741472711756863957777063662232365195486995853210712
571852730469383146471688363930494451226311572753329225045877746560594129431771839391337436
2279867705229214551923122181044253755675123686581233455640830529976200809115014350142642840
9089594470754182113899421683709393331231958574002380454056633337201348008775453984566330200
36240039250247054916161219625247750929314312671972809562597403878523303803998219387596668032
144491394096839083683067185723152961337573069839489397253336546274081647497309837765726911984
576108596285222554933002791481559081132508241939108588905440083628789966902197988141191744352
2297077597178187818831597378819041564716969518630376341375322295666521573641216278984028127240
9159163254632007398980568449045012308504228351705413809149881560815394996290699807401692450200
36521166903351829406424480662394449238051887803396662898531432117558419865513221639177820777116
145627063785156064162346203821504390025204560181741598602678186931051089351571169473778460806132
580694932165933223251131777150871097239416784030412085216691099481726810331903163871659066464556
2315593748750477730172312318436361089999157704285183642133011425894398630072085087817974825376980
9233896184824008718066837019905801792527534256268850957888599630686109102903266680333112746691620
36822713736625678209366337575329880555954154794255033307348939716273588499216362682459533218815200
146843484465888730673421980672043217569292654443201789896377515892382341599747630763708169586718180
585600661732695622126090569535632109810932422386188370969636811884982094514215381129445474866927780
2335373393119096386039627856030009284296129280810291706072140125081330046247022917867663729161896200
9313628151459023817055811666982149764215409602455509088953228308851232175577814644386199345139579000
37144042380352178368882222788494801816589221677775274216024590335106256725545618377311173623713101800
148138196011503756908250709812812933821956461211169077556159067566180938682925000777257734942348615480
590816290599511967571863988741054314900654274613619093311977377503710915942637062363800010552541647120
2356379893758765144045638884466288859466463922089480939065583752375481162205229932399129805442296212720
9398217804912397390218818827229902051952758481184263632187838628903421391482199165195340689347130682080
37484607575748986524590240540409678259997964083581358892868103894082129809158389208152235902284861868288
149509095453799873605827989206747241816224004246269393177212627299548564028192097781408258254477900181906
596333709549590657186288621833413079579890435176472368393325506064115093446025350056290487277330780038368
2378581987345647928318184028839722862934448888843915202648495149641270417549825409030065553077635418158040
9487544642981700131731437660568742007262225232128321128332442454588010595536508269030590304701340252409780
37843944966179758842575750704865021732600082417043092039121917517580012196357982932762699772349082504640756
150954393843393045125866305627246515893487517247736118253655829108128495831914739435806592784586259581503472
602146028464611935400816558747629149413191388168946100536726915679101413985088302541698633902630638434460256
2401953144345259182170141394181288847300448218751889339240499408460117673278510884103196880426668095518046840
9581506548550276016071238869491070912023509147834529927412509359657922051415735868645214832864757370591518130
38221661613152463986576689480561554681726052680869320579303398022095295609384647122048045160344661728378150208
152472579714438897944824646038144506906281716129861137674797253582480664462172158375363829259215038073999906596
608247435555199543747713280499676202765159553511319798311354865407521313081238518458496024147149055180462832656
2426471026538044782972646854106290232595401399516895999068131834407166052176549281931607740144897953475594332694
9680017698735904062072635574627419569333712109533867318765900438700387618376109351402759192458036622927623842756
38617427936241049959714168538330636762644968710831753910205959939731809754825483101097215874273237569948442062882
154062388008531367965933068013389067413936973352584614475097169442594132643968055061397673267869332183143184606418
614633077525857524566466637186425256851745037708006259117697389201542303380266779624464199958697314265553327167891
2452117024840212944441928740735835415315471169305175423215475680933269438875187033940476453163169994429200623803480
9783006782081548471063895772749275514383622087029406716334969677413393210207587453570071572818803081455931024346040
39030970835018043076189400562117500760020559933836167790774273691806273760599690984227582375133975124698209686535122
155722773535125063791907593759438402381871724947861329169360650394992060603604017160427224810632183557018840370199768
621298957154534253750926390947297167421538626393744772232451187071846206493320911580717856639356484569389671750400388
2478875863988748991970384648425861739516110941609619846804677877897557306837395556841656654133377542193757035898691526
9890415472525617456332929636499960497013187462168888765467319900756293628335948790979495288774226433316967029570200834
39462067797297807580222544064884707248567818897728220525238497919350125687555064752336479777587719476277036499946904932
157452888221203222360414216142021135258793522216864005609576383456115523846724300258059142764388199398355619359944614768
628241845432696084173456540704327361198643669184805711197285295757984600599984040600241913847536789545852341069370235204
2506735263187284741897790679077007967455955487419034326230397524865784820038743448633367371026726152513786252209225685484
10002197118489456351770275113411741882654993893143243283465118929021166773698322417627245525249396453361987243386853671746
39910541834461399150500022517140707869222279113815486697911309905312847622002058481479962491819382197495969592556658209860
159252061541501198432894773938245010395703016543239944076485335794490034283666496024086043507055053765697386996416818563530
635459205938550815579074291040242872736740409410055713351248358663912769293202923732238147615604318726324887130199551237538
2535685643812140374437543311370930747771098494079500867803805647646926649379074453802509543725054598937900768818722972251594
10118315613035415417936065137860928857476600606993248302640560591934580841036072909310374125100361083752595168816664624563216
40376257113601474613245207829065742783678010923159495614633487550311764053461699367259767658324571285608127124860514958336608
161119783630805873351003362062129707711681123085775419682362660142520741413011183880790911650783072790895561144476574263208652
642949129535470220363957112232293072819536661158368768368989288743450040178960564933368624752703306833672742311116914529576384
2565719876874306914719264986000760478349671926337520523261619154572118032585790571714554940471778396142973475474440332974226840
10238744417127026566524522596186973319302212779433645966392142646015678095070138661020428719168809640946160388556305248696849060
40859115179372692060161094006916618790414882833391998622099210654297714718995308344782101188771105205388677371457711146362865740
163055690668019829750928128619504963993530762761603589666280909039061179047438331474973500765805149208300789919658849228411161060
650710277823576901054512636309610122998163012938016322404713925821785009504282952614235398367612235299754314472835421325007152960
2596833064213242572068705080182463707049366321483399498708180165551231697984579706382553267124274780359557890419513241450438997120
10363465712902116654141104635177164759934669075564649999810883571635015492698215232288787566187134531678734249227571443041528055480
41359051677035207781825806966601468364148058619578122604752216951982641827301830608435378164074601631082420167726216918440973372360
165059552192614837287864290092603944543927698912832667173049913129134782855034742847457191935523462241931550142556087459017227392640
658741834043018239189492625057793257350328329992247798408242244250071978248813914182208247962330481034985634515737369601163717498960
2629022348430515735013744279221594265398110156350974482640628831264247268878520686380919329615242449586156699710302731202347338139040
10492469667808138984641527250761272997357188169871298154590028907999050512026060702069607389362164441680404228170483989076537948718085
41876033503210139328849418653869385193401739813006579061110909592358663189497750341158132645588300621595135473609422088347078587772412
167131260071478465276856494729730454306577840001824644220186986978979536305919457912296250558688489225555877112970925711899444008784188
667043460346530612566242308302831759349535675615005846119634447151722435567446606412010388514139715785969634231670852603936942142229394
2662286747407970468058343470525297409147321903728923209603694975900158171883506479307565748759097602995332699969556041222447390436081784
10625753793644690762155166804634217468694331277152221728037824543197245783131272590833743980637518894089584625511657066648307006535473396
42410056323074705059614874022572749846280374458000663289399187177666576509430388607329144643558171049756567735729207022046311489969373210
169270818880809647546828120717771053767830206791696370319123856167287075351477329770850230628851995211066954684054257405667510122691481630
675615260537196934197233212199504887403459364961786545590543019600257508271696829698217058645926099754736789586513222311514602353301788018
2696627009936668566481892122108632443594858013033733198946977772579663814566309469548085037408279658506163651107073062374283681854751157784
10763322387164118933193449196424527969298252218340967357300387944277618120553637911077938943975980081493290017017901040486194930691788818576
42961142402690127963776339315234579094169568213676647062597564335191981918380782051665076575805946864198609244747924867219350635696634661868
171478337505834873841150526650395028776583845820110945492121235868630284171311980670620578163369525775080566681199406310647117013535742236192
684457747513114258766736555274423540028549339401717405181345342565093075003176734384324618656006107876559015055715577849782339921456495364456
2732045489540781200203665347868121793319470546400636906345463552908174099878191778625341816688594695239366183285381228933251265491659458920756
10905186041016241990223989307848302072999033945431250077774630074373835769351732630121137904581104143961007245942878271018816474856265486670444
43529338713327877510443447655838143941181877955233876016897075739816366166539842313143586334252249071563846593209019648284499116203521534733123
173754021792403613165658236733657893810290557282781882147290015495995919636104178905371477006300908343577051807694836750265703425559782140232852
693571814780486038160583819170597950602132957443949397415850661549337816259938212679703105006249698428563841564462263354325166192121612486798264
2768546034039390604027788657885572127559233941317257333005718797908978258588823555279959192480911241359236316383467932229684245151920893923647090
11051361215580531383305070415685140081170023743602504904058208091353510375589375924092904175928126363622514575031296590655489800970428816235161190
44114715271392122615289125001540076117666969144835294000455016594401994440509372097989228743712752572815405902350683223249547404696746697335433488
176098168110317519844918744858239172790756380305859227890310179235508684215504415051109133159882241225313380105493971705383181161774944694268038472
702958711495511947402201813393172237047821814101635419844286847447504739436800135966499011399543513660451863479003937789445976657056259692317260332
2806133888768082997491434623637850140183654684055896902954408944588111620746456747408974515911202707082307412477148903441700764646754685759797031469
11201869863681729337285163962326370166261224902252479415687488454810511715052165348700313201550757948780201687784435507306823077706274474329277257096
44717363683106015604290703273655878672910746615432551041758914838422669972954034921558485089583120384694341073579429496047503373148724133226638602682
178511157709607234776196227301979694970247217779717061069095754362277426215591767279274661133393467359444369329306254788777216292186189765030238937960
712620020577371550584170857846819711532875810944024442645808839878418719945217435057829832788287320192218942011119282447910906119493300228379233379755
2844815611696481231321872699947339834519762630876043236788281266741740409518033715591095056580344717823979890770748357240162871842249467650044440586946
11356739101390637997009524470087779754269077374958608266211492186362480267114977590025598303316522544029750773475861225631078276864918159203579018281609
45337395867756326419651351443778163322073482519758503950085462864115622478992453110500502362929778317194911388200372844226023911873755943751412936479313
180993451768728355147259325313771617590386787142033194055465287117785867368987019566665026406002501883241674095710650657932069314754483590749245076485911
722557639502761918728263773524227228996016721359625582015712437495445061453847429692039535139828773169217682010189364895437060044943350417345664622492170
2884598998939555624885396344038694167164252756774879410350474216152134570522936240767286706339158088416664827117718026667135605040130650017636496293195486
11516000919116631120493675549155829938887130365792381783677685867822121282194745317984912982849056570404399134778696348525992804877888246877988262444798464
45974942937149746607767585752526145060444122678952978780108826239341233959297403418801429361774636989883198169774931214004377054463320509615451491209102126
183545587048469347853912784066486772650182623215457749326672795869492495144607462500115913483698554462507732964750699425651782823546137795549997110632607396
732773763449384334452348300735108351311846243160136451166283536310525537739687176177633830153444597663054514075568384228967649616961100502089064691109573552
2925493019379297396291941569858897955296828733720632713240827051505180927328746263363218480218727560666483526916063991087922597764144220606914663019872507156
11679691928038991158534870744727980066350143741969497807203579267563045906362672433568045649776223647097839588247683380964325691911365789985328588840873352894
46630154212164551838712417327637875139762571406936461109692370803917248893173053706662735008935240995664789146720519305176430107588395350538616142322257873948
186168172077780785144196305195632622980782498124680887856408692742640413903305109209379531073407681147214688881070797964386406806653664863282084956275655292492
743270870503507897990960536691284667768399957355264229522768780114648969106368922849660168020465706324381047287301756542210687079065123246021647636858084821984
2967507757296862169675557931332505433014707107613335171376168937067125840692398974073738413481164938325630131425864969945503253471757554044628864126783921808080
11847853137629885670565070553719022083760091558866587875159066810362236094978508910602883470928407616093950614049471122514532611423433394856748513462517330957600
47303196359995400864864494271229811007994863078974067648899761574469400326452700214062765515227063974727122583710329310843466520188324083606538311215933834028508
188861883808174828707601108552853949089012487582277095052373443280913759056316388097526113907714155211251315103323053764175156947424608521695762989822088232811492
754051708686898357448649885319306663926041219058372671062149370424789965901299784701013594945556774489131862370516757743657960802616671158013543371945530969738342
3010654362069808020381254222820755809028018962640299370825660999759861074973590376593979323929093834721053209890294826120965733992335641417260018209087133192874124
12020529760616379662044984980052508114600407209076833938087313146014313843231398464481383388221921942568412099313920510550308076936539645530500933099215471348908116
47994252637977316423464422612566788085900845807998649058111405906089518530664673266508596291258397100691139031862829124618116550494973007453084244034221161672080008
191627464682151527729383709314031364786406567371342985930670057615521354702114352630118062546054786721162007323587085862497106958718306861632654477310781698063797436
765119284592305967147792483186522977550889824364519310159383602786669773532224542277485453032656386986944866297565659378694507286813195743868476403218507430637316728
3054945004119590695295710849328508794683488801945083901476097711525064618531113888223656149222626484806283316149069495174366175459924348188537333011885450931230309440
12197771042231526146092329555035852506124606221909900584365103906077297648266419912674373489143317204298723911042303421048074592133375709854098750826855330343945526280
48703522231810614847115622013786288428388061218521311310762780933749482665630705417038781521717321616449012461054088171919220058444314256196881344706458404537417551016
194465720068564045309598641808304632565638539249776682209875930818559333257391547120259728817262746043790978776893287723529172327006541263932101791364563997333762990072
776476853445425354198356893497989913695656086302231362910148522391687923414477343156299662243022599522800194660424563071258044582248100341711987687645592110276730742416
3100392836405120509436536671265406803811815533304557600804916168300997988139590447655675474648203395932558209249483035391991300183186303647204223495942812840451930368000
12379630111030883512879868154467728642068318031305994119855159087736005330260134984286007173190825288945813911066438697087410612790954726946222613486450801224266400151220
49431219677651327054123750785236335446494347542206195431556813401097470621408917255442565365108344434327819273046370405061819005058844270133759761490932842099092711240568
197377516024166169038148062973713035244883231164428353437413960600066732061525597369248392211228823035979392230086544234271049119635157224633910816413360268866318822916596
788127910435643922126850699542260131544503257793110804842178107782751574159363291892008089077066354516194854354668021780201943253512701191218403233876127839746986613277220
3147011960852259565189755823370383437670340291179588856143967354138886429349181980407318673464111905556595873088880385296381773997460174383169638603809748135528243230885346
12566163848913502300224853098171325735224868927155842557808853986956559707267941840159911175642296109395643173552803357185127061544466779441286235742936083556703008819414204
50177574358930155031035884014017467958993908412719516859685321576448989629461557402788187973483591863878754748329137591593146811596263337421090910786026698674426382271136948
200363777345978549663578084380366612109283399907530370823929104460127051532931296847077833230316510485398843923067738419774982555887043274396236933918692129890140332418283792
800076183178695343721298755579721221094489658299104300337670081453993169454647002511240931606980501307383621438449468583242885353864582923055106278085397017783538804076578484
3194817399189368804708700476665066796792275327042715898824788724607248388522425132721235029460635288181309534185213767816110950675501529929574372557802151007102294953746061880
12757432778295930697446502452122102579796069133366000263783145055924876930001241772028700760568653411990962504903621798717063302709313208840034314520626594062255458388730805200
50942830069957131820462567887375899941102022902301777174161232732370695728075340744167120720533776833825611101209571389302304190157579691616480997638843700666151163206518844488
203425485883717756373834423916891937217296454538673849155610173059508752296302764545731355917330040915586396115639262695615051544255371384670175681401744498599942134134173529812
812325625192115790623761341729750115278752160652511437526578845525673117710224857362774148403405139396780106550674493678360133909383548958355986429646394341986293600350656920392
3243825067727640246354779977753972152707672923290448435482837620445338209805805458214138545667176743189717842180270331743540334986043920735060796982519676661578460035553196315304
12953500964652678462619372558513651939433275144025939951871269376614733612968514140503497319653683440558098543325109275505935514764298977119966433961038906786637089775750897456736
51727244639391724235156202975073840631805687624203327342463275051789378902432575493257245213392258288212923512772886287197384790088658261732305334282625442889650572917414063323936
206563679085480168930358135134045695728962221161817669610100023181752208038916386440994833756564779518353556084153782821879763157357068027874913613795826827352307438113022166414976
824880410279644375051332907738764504779232919360057486164386033627264739905723009852287312335854315258511823306285170678094511329786613224911261001164414840595290760373915737184808
3294051755683816017454395336807463743618654639528276268146003422820768495294958576643117896235544299934543342827795400674971949661098509160989767098146803536142185613738887059030104
13154435932863924548177128521285832472647209370966334255882180056173110554225930904077485080780647490330222636538013809991027024238625646799591641755271272166467290017195104175711836
52531089607536238012676322747518252438733175168412039743059366816064022468178586690488013317095542886598892023367938202699072981299696716601418052941321272220797484682688455915144568
209779448753264827683902181980314656579355718560511649285284648827442007565294519869719782855826650848734004179947535846875635822432195723180880075894959768504155580545101940443657416
837744927733814072790549947390473948433624551887855493196556582630618209114520692154393374511291947518290407674045931746114848671779423685225587643586459624927694220483812024707689616
3345515106693529319126460745096671586036208430459888634302617430198166036624240032843459862066905097066672069852788267678201959143541260257494831334404748902880363332586955793399854104
13360308596006909354931894616215909225166324770998432191220952859040407700174636334226146944136656515726440794269884078567036419500516490688582660945818544090229484851853390691383223216
53354649952166508165795138741549695335004113115150306304893934744412695454902216059150779607032890904710620767353482359072656780989512630866771464442243484269992159614942453983056924352
213073939987841753167043458231685441614833380109509520270642103410403027095454848266790968397310637745710299451101276878771129281924071142172976649811989084608532289828783579171469414800
850923778277275520919049712306075174180992700347961117747909534626371544593589760180700342636578819046892553090240201589560098660299090063904160980946865421579723413906335004465892349616
3398233603207170707457510203076190790916920449701613270636023045077182620083493449364281899481934766930649710828389230219122997193309298088514796592873357696569324116563930033429881152624
13571193195396281490939557988614044063120991945777317977894967941746234283574616941937185779967413009909638642148832411785362661936441918329245959518571450500860227874329752284772670732576
54198223858266646072919009714814500359800052456017032039563084040235226098967194978854046698930171444733689336790941629167682771768022996294765206539020966143165405543202344138363638948672
216448350304996557426671064622216191366785295764151452624395709923743624601818985437945290240053716905662535015067549047269637782061205784978581217873346058557261365522049147835969930101928
864421770673158491016331201106295002311680581519692486138559348401365593485994565677162294626851370471138528019994111442427538135731859070154334253078991268748522839897572571881877766605936
3452226553497941589890135659820224459437287525439875561544477812082033285963635654629842342569346231113330607358371674554980330453790423869374367151018202293149061346534361168956506639475880
13787167250824723919781246727722738452962843503657899943158192016350776228021283561379629433258534282983406214632379245091236273816560221903267568962535800550131724776828805268088751538716040
55062122527599631620828476916871749125835247638103757178346868200087518773374190490588872603331136203468354485940900820251365521254322067533431840485973975396140143336177309890608517662979612
219903928907368164997809913840092053510356923104336390620891847173203137459993120615469448891221542712580306332167435431251222165443885110030879104105675427695500833618398145651074142862372628
878243918943234081275391694255212139619584370243883428070811877467410719383733622861164837644681713899074692007472835262372011026595678807778998419776526812343929408702761213291887339152329948
3507514081044487407427288874128125118388023772321289048542253766926723349985439083929398135846619518884754229701085147280661187444327642371595907540704009937309531026435890297654174125204998596
14008311520081853118913384586966450551893251309216218742735556539285277357562781784813460535017603298536546215084769835568497221361431134694213407684736737451095555715212780750047861448344783964
55946670024535799830591453124371093460855136932997016827067120776290003852445829941678583656334727785211444573242155008386682870756251157493498833357019012528651672987716188201672239646515330672
223441976097994160794748024803134300747210544784587717176837788834021778365783079299264874816349695703133890301300396461060863064047106695106760744821788099809853219201616392416479442706869527788
892395440139986978512449259258017686084845690547639714677755170646292952871237849052388485453356174415285257500545916624451226495479119459092512633113205456538956420455493108497473020532387873164
3564117116078944461573846474717165618918379150875211008163715820868270904149442535196338853031850318971365050034256612352179742041885311634055973574780431010596159850915152291727376880427764305924
14234709966939507565284822531170445921742852261064249530329488919685169931642919157034255129922482694263796343001773438925977033864432734335806191904342529503067535743706539311351817508833049561656
56852203154987696200168544792708782354458801026917116640948831307753616510825646219119180429877928026398418333630521005508900454963106639884201931652151690802601885167178797105639233315133343074400
227063842823329669631382189500464702687396518958375828200775395376051013988437232318305874538293315024666616586100014668878029115468193991971431725330837199930178910773928499624200644333961847318360
906881752625102960522861536779589238691705236311897470166558806550950014732239123887285715977834572652878833158344200414595463515442639621041168403752062295948859056130774796445399116717711723487508
3622057389116007648266947681139052178185857788917525904660416487061287057085874052576784886052969423436743818526663067073371232230682825238288717665017163687110453982134236829140833007637972232532584
14466449736887506664715922317930029012397910792761984519774385409353630755937585278002302321192436645231255879809552706111454006726714577887143065749472178193151276538164622417483915120226809971746876
57779071375671549948214735378104771878355570006772295663316762684310760857091187907911240549025208411771753505926914279354870991383410042833620725555245924978046848825690394335137955321364859147256508
230770930334946089066609199028610027856823996701763366279323432951663675580686060020288659531053177416021358805434801908845353984068975944066491509477545433315016724963067161320637591413591141003983112
921708474812458118710428398729580371709643780709560061368017059528509184641395900115875348360518576979060608768897806243250736270147617229047118445031591499633570233390130388649791395652012161680994264
3681357426300254719638559690593322376372681632041263455134105196172002399654954833158736262586785605513761508675883596475002824324142582852875455360499005022689522279734720201461450831216376405217242600
14703621139987781777131536861943262635370699023193166223313807876104795154323277859694427207249071981527684046919491440274631604209003432934474288213785420230462009752588412239207853744578559105615555800
58727636731240489532945782971960320692144430890305502501953319577655299530624249492882180113976766403038913026145189199627779596087661231688545189234062387286812472082203689094592864834745514666563437320
234564689960375275624449305384651623118322679380822756540894977563308211288368468656560233722291218750589355534447837811828920993379921125766363576653608159756449013559789827182792261576876340117053022880
936881424338577922024021581668942696022597451688976903456033142946337321756963925511126301828336718131346523186060329651108332417929654320099614821328161049112888090523059678262220749470246374510535129800
3742040546427888253410280066356516274474618233932341488041959813970912369842716439545324283869308270968802254842143034421659698256039356082289094208601840748867529611639151761420177728593299523751613264520
14946317640288159719020271326502365074948180901111424397336611068062578449111427007650801696895930749133695697046739811559374686719635614984154001783431852688335719611893999834292445101171330283162004308880
59698273817119156161509902178712413622407401935438705992930994908428929788455499016153408743087941428259549748029165155932712191265520435385879126028103681449393362433143423366873218982685347178847269989040
238446622974668172657527168856189356565337196376411962218275670569758779740679648085870383461495057546974894675249762076159200323964280628596097923855347479869642184184965831084351230733037059330484959098960
952406617627813464434637258761807594759734794836835939497387009701603160933145981584222591216082365003759489282102077401067961716814132199135773895371830733185239428051332961296002007023283971140673749351280
3804130859515653875038263230374810972840131159342590943852713765771634427841340145660510485373711585295619723946763467195017252408852383434478407472248316502422976685667525135987592361000220959557150067354080
15194635851301459196340568748762782610440599442459801460804092144407232350110137079979678059621277093789190387503658294753896352979054648504710114157426412966635280874421440033777294406416430334328066090228320
60691369766119118715807059067584259505172905712448613236041117232995585499037865197083502507271505749997141831156700492832418066618091263797709040297278080750057798106147903872476992778104546608583926572856832
242418280565205790978126272827293924751521012085243065966198982988060578450278716223064807593636171600587630271051874435393624853468423547860482070748972744780680606774454372469027796073311252796758528882596928
968290269823241602258571126143153852329582133939724227779343633979756858368184658522024725824301914911476752132380131503893566314958416471679410841647060566052570095858876888196622484873120745383400922492162514
3867653266804280646195588925392061016130064937218206967110139830852731525336962867223712961822845990887891562926076249176403333346068733879201244785421205262623901054154513038768140500861528525021450961043376784
15448675537112168487018709777379680928091229828780406648709373909859790269951298165069201682903616697083975189117059508446327742639306774600709175138677848011911555513195235549023906432903681348853938808401105696
61707324257134185277333923869502007556062059006369322004582286119738190167409084116002859632061647584035896383642935646567282280887122493698697935312925212427635939597740872933618681359107698452628514268952056700
246481263883153136725346799170638147357775862496941112142305105750344254246536515780431402882950393284686206397706995138222499945279334582450931429500518492752538740603628295861826749329553646003016470481158102760
984538795057605464618694937817195114524927417562403529039899081390981648833901408593169489665254971207989800985168716131817314741133127371321693720436794781517181448479629773088577332327793652831944452332642327208
3932633462096637858227100226221945633081498477744139215945496878689822044513071323536148968232985722617321521574019323476408751716645735945101787805240805532227146475372749747043189241576516470176562464427773517484
15708539618722853218982459698096563934394660045569010042192297477614811409307718744782807959463755397796561535792398287713501605886499878700977358260360738058884372788536779482270880543304792400347606105913832314676
62746549544408371900061754620914828554926046341582735080716768067768014961821850873048385934019695729401531782688805462599670334594423685816955447925842000517995702698900150341852321260561631133057657273751944975988
250637224175698667167465098892385980889814856971273573232235552131032317312361914707246642880680275388520462043200569060085424736020105076587972518775985707898204355591231989983223610283024135233913035655572248400832
1001158807041531962878140958867922580272184370219213769934216491114702416761861156032000423870784908026582096712359975949801811570476707392230932553363301725096773472673146948787607942308025931660665063537900186144656
3999097934342143031598925886466974493322806613667461892774692836893949681940005860609190927272784715636472710371005363627452705018275754290376223351943639915426591387540489084333413221752122248169582281429170574965096
15974334185296488578208373181329103792277984994259104011490423143849949891215953509200740283320479899687513921393575602456662974500590256184875902816974252816069047977158322563113518166023320297677347652885800247799104
63809470506040371349428667261471961157021148575690369461515247837231874902799550574965030174717571608001362739087557051404338053273983429018182860507196847353146300407282547863805051765328724264800709393054835984341168
254887862993886429692872846126200285413284061811872367819615850517245264339960363504242003809684125918960820049292349190873870374184151241400084226055894355081591653561187984205453751918849979394690638083233032576084232
1018157119948844703548261284070303633701893194280280528573459160699891139765210140746178701102455978218998273341415724549075301686196408794559685009758299234927643151065198916093305607476232156474693408862381642279796024
4067073971388986601278614700835330552730410815373529000168660462905715138588232336947396541427128432744410633554272313497534830084761364141975494611144035918966214270025857414941356285896643428748915112486832718097855890
16246168509989884517311997937097599753554966244113527456915454233568713546680633204402244984758474077626349498662097491934837737919188897019207805499046100972313959154434041970313367361559099801414288606279754349938740840
64896524710539811569194629952534519100926851015774784914606575539640907003663367318245460927958136595485182376654802849677270886819810726397246167102482997494390412348114983878696246859678930414718435448058083015539204608
259234932471436584472636829643828661755662219271294073039391441640483132986540817987150116717383752443405616868916856540101384098051657234644036445463937274657777742150231734447078800022693477963126147049398583903764553052
1035540749581078070085501708993047683879239433247324005401038798795768256261630307033833408280216583309741460141401279310962240531235668983246112988783472349869351908470924949698404233986860706726653275499985191286591455812
4136589664834629250068177828069758555740173488944594667702859115445436586934145530527161836730584300370783189202118405346977441664509730926846808719361299624855699757383376433867526199461678436529214860551950829483028691904
16524155070107930778044221075521966068381680997987930530632910444847390865651140167857527806441186853816141319613108616335684232298100536780443042063402319530006685357630083411332794288487454391629895349343038280507740301136
66008162500384936217333231300355595313506990113938394979704719316523498511894270979159797661199895720787968631276743629282518521360408191442697160484539884252601832805737710130851551939667127713940474721700105820128793606952
263680235670472300870506395655890411564582799169912684872870765852088072601104240111460891847057921160076746303026571131521695298224018396550201697817661649400604367618469027727447198608049950581559746615665366290797693064998
1053316914795328933963736822382386672186434523275061011556598403647152194901041063160632695855289884824321381642537492954930182782306070442408791081429581413663799930906615176069685967545315663772436961216385080301946904883344
4207673915912923969806901328940575469296524192300803951404345242038293393957904815281156102714924918102976675733381494319250679122017600834395848448994461271935406280793526464834467460815672831146752324065894865247532212666124
16808409571339094180444806098975957267545303849459374990610591947962424440639910379928895485410898475025399317293752091262544874850504038136918676275656609780262742445943269376138948425015358396915710899887410490721344763790256
67144847091650754436054126113867506109491069561354645861628898902009985183528655467191072101435430399982448148120449356442408765507254450457102678999045594703662994155157522734441316670991014395025824989231366100375589025450490
268225626990535462263722895424556884500850412126958550817268356114453896457425683277827498285317012929137957172509765995388991280211219665536660331406052238341456694415992556490873154630837995661831633862953142613678914607700700
1071493039181388985208365980431126741312322310983447124243050845605245924706652214030708800343782659132202272683221623879730512727807943163113034364923235703263549966418162120983879043331951412624501983261704662400415882190064958
4280356442363242285668324990371645673253820790544682729387796143414473326005397691624461131477256653066868748954337930987978445923078248745431140387690169486354247210423658977920433352679373331993745561163971252218534628013137134
17099050975859939104577396857416023816172306775803512930271408559053098659685601812292839840055774065705588229218984420917700802713414129520614761430050534238815874366438270941910815759284454503528745554433351031144623982436959251
68307054688883070410392720892054433892903838272027087791910779663963652090310704714481647923283736640613078102297820487674227558054676857679653116376002648800312492133348295890251302609125566799858771999206015521007990840704200888
272873012637687466510920802497843211388344882643940618220695398536663181724878265965306197399322677785979852105535923597326691555565975704278837449773465489783062136553904273407876255144852331726364143286348511226793728737682264072
1090076752975711076229342876704396941595143309448868017837906525904329272873913569007680477224361117630959943436394262987818818440241565499506428118570525897758876882822715316521722772398108082289672057717715066543638250487184719522
4354667786233251075225678088390371082858849418348306575367068552075334441099380759252756007255055762554884967545165183818812980008535874741828242143375250507840771401833759406428563442726766866578468243196695246642224673566577662144
17396201534120832539515761861700851893721268785662797850347828360908516690481644757720224899134977779573001343859314813607478856152400300327088786790864029852461871537365322263600026256441343751293598250467637786590695682843287698356
69495274614488735962921999138416357751017301219313210489517265598599904953465801725939302475753418975972411946037614286641985182935803298546355933359596077274670775429323385147982188900624651575329652860840376025940979007859666329982
277624351150860937441791051528675819627377565972294688595164538609540147407681415506805633058517126348927404354777427977075992348097802726988028925680532037707037201037192532293684072503236818168190087418460919375933426973888183166618
1109075895201201489684139085022804833014710591327228568506929610274851723028063714307970838832021597454873314720124780249793513684711010845459579079197538485406699454329364283979123025307082810701517640940003193331203902333695880401096
4430639322572586803051986012139404852854709888926351687873464948305691497486755043117530192652023910499479063142152860182618237111655987662456839186773419025608107861234656063784091700938360559629262104446506199932117164525149221399120
17699986820146800133157970978913941971634499445032781019559145873564414085972976715889269942518042670721960121503101956869220528224796669991446606782425143386548966566740795008058783936954439180118853701180219040143438303341878816869100
70710009451997374225145621301950553935336129763813116268843802375285589821224671150126675737686591141845326673676009612824868858360273993872870207456850229700574156294144406124252615273717003157167868529132456862413322973661440049068972
282481653982958793374662481933861331084367806187866817035718093125560619724779129383638963769588960118263811313715571921508235968891657790353934961788914874397499147777129031890476720764073865596309821222279936630010446186235207910742718
1128498516023117667766858627178164102450625239947669950388238167071441077188989378290596333506398257452586972267537425366578652354972036884363567345194243643036952594942649411880892417949002411691680938157232623697672372002860480898707788
4508303268979689014263373061692696300472181406413457118752190629170106715111127798745606628711165108047561897344207984322146133177776858363309386287577348356904826834664390572121797789732831650726388135707613994998184385681303709253216526
18010535770207033711604380400762204053858117917615035672532459184230781726258721927862240595088093192092285288794402842817290410530566594852019545409807886452817518305471502586230573326277780102812274962924640393004391050505233494967974534
71951775202625915869410268153121957281200745616850308872659458430581459410189817320811151480015141041382140711980972184338774381786341094920093699031793387974231795101034222776363267369659195513616377852339043075637802967852604787585850180
287446986134493560024472088505193775761375750031367744943893889195195224773177116797410001761308088907903866879683463171960871710307608939328359850227934013338058821521909869409827890481823851312702367986359203082063985997491146365465737000
1148352879312505899707697508722516574660814795888086564013215501358519109159972743131288581154540018321876878896816480988497485121474946946355948224387337788545878674070595539358578948253006729937796619770232264493975456815666828333537990480
4587692695968555122895139967217941543546343820994118708170513674119622252978797608102261663339786889828857790091214847482882507569193123699762137471579856052113414293633982225458716775542896856749071838222594466726639134182174217369625662280
18327980724724086796456094088816319088369354970526236014146376029420999615012114203975689741594601058771703113579492437093288551535359989180725535016460573248634328040299618620808029710834135265916271468251768092286226164462610766843732721620
73221101454645628536562865221307896324993731661886856280497205947111945741971068396640178452314214088850623994369505837140838285335310648441946967207228412044655254100102050114249823013614639819115804036117447923985355227415243196912361525880
292522466837826159763686834827910941753443294096540567220663600731520447554377756908392612756143195015249350162426639688228649089305986063435060497867858585435236847078010680790227125934242493967206223540196125441352281532157865599452066120980
1168647465409651602209024280231540515584807541571369862302829080198703632042772608798605137256405618977335967567957497401125947804486364822379322868360028431415973592996261108958283144063343937696098470968490377996042788408603153680979676540340
4668841538126225251375795371774594725388925407049379649028909056143183859597515121791615876863128392593057125232153346859958851879674671998217004495076369142193225091888138086208766440114914457841517113448197041393916442306442472688420327281170
18652457473309570340021075155272005310338956160089130336983915155123473462631018417791289967593147718255216896722364296368410423976940287985362443118548095111234192786731070822084395671319270290033308524743853144334395123844330798972409825281680
74518531565112825151069417303251537557738210366648559240272968430229116239018690820360253543419843423257068449813065729936918663697774121918468881027828735793854745053069308214737848345350186508798568116468803065254004258663644368305035629688780
297710270290303221005538219394433576249849093002785692592704031994539674226766686877829672336627059123541327160094304753281500331827306136043960358909255848616227786410474017082291592847586445079419029906490404828952623834965265454127134868448600
1189390974080949948429642526296540471080106056291648492033082979435677036178693026265740234045133408501577803655657882895042318637789891698088805011183366484277544759307991960346171884095149142990839040293488414175934053871695570022393508648888738
4751784606035452598407917988790538224497378812445117954687949230976042160914843575005153456131645234980025912257251399751602912628425612258206735767014888821519825302696759681095247204625061259175192489894530910416366810749138126161183352218414364
18984105302827383369506802302574090894476544697479817541725387958588067231599158674744156547878116249436522149782780389922811616513343827064679461391742322608364204106640625085341909256862828592218066418325228285439724716899708261614203236164043886
75844622853579910300308061958715443686239145377620266800754430756241819186789353715746037235988668579590243486784650998317495534128085954079694881578991618189968563358495621463069692716089667362170644497249402421379644327723966941554061629485994062
303012626434808339823072687579942879383865284616093016748032210889372792840071752751903740511880761150830005136606936330005775590490769170115034494150432090860238859889439610776572410536939099679963449562674339606344282115736659129131284172005688138
1210592327663448752738235157141685136697079891135820241537877454027391958365656882340089182534329964462337964356231205034541077185825032132436128373148651832728430529462078354504884058281024405984605171107426239832460937948962729439886037097702518736
4836557598940308219349511547569861888321302958707680077043448554187355735884047903500712323956853966516418168118991222540862551981846676577261565962236119541408648428611614481059932169092039893186517266689752842843549925724575489644657222057054483120
19323067048398363398971100994563717599617717369122205351208339718975738316530975948545029464182259450579472916011463023659019572818518965443478208022730690216853654593342515729368040447791739079432208930521352477235203956321340675201396846184208857500
77199946807453566919876906112669389217379776621485137560683134530214558029188173767515015636294154048152592128624323437910080188261399426231707043360271677360670343175340249864321193209214331657745204501100991310715151584242399908295444114045888144272
308431821786438408330675513544498054228853277533107956400223299541083463421528144981855493023814930342896141957890225301320462575083852004197770022011384763618331807881803667682646404948629551750778594946752129124966462498753805361399744156065754003768
1232260674392079234166653691358474087627397083813823161658940347328501045883251011820383741013394505429456383294908432843643470336611947647296757169475281393054324371015357964488702338343614432695330403879128176983974089733169959914968619462090896057108
4923197118135450026784378895110745515827700075601319566977418045818281007139295289478257399818385952128781403530963116455260234365934972233760683053918069241660359151631772735255037246242046577450550398474630761352339107675602427580307110273810798065436
19669489147271877618631574212028136416648872846024622475280387471779286802078892097912748726149935719438653081092239941577577423080927627545675490660902817260019657231861185783171558019931391099053490637745880354876678143490882221558806468548346843984224
78585089298712311831055987281426082964490556290253991835411444734926718103942800142120838146355190634758337773190420716797684765012645446092218501118180289436147745283791121119117592655702773795216195456388568974290791553717511490926110418310311728286368
313970200304193480087126500641466083558341876273193940241219488390571656786618499165613524922571682398640652465850527020935321717952997492341925863262954329862090390310666092438955781222020396904254515249661475319235224463528316185597402542423304718133512
1254405391905282786652728679575273852861887740247031399696792097181266082021659204137331473143843657513617752578035293304756183243474754838049554561443597346046841260974570879767881143236884545807517898267133141946947160622772481071999062974647906202994856
5011740681062490032352539173579366526323885224121850738972272929485928565012226640749948206764099602791910755722363364461520925103720211098913039605246253875762410361469858547002307243492444471355478868114673631732634772713233272272317368213669966591370356
20023521695500436730773427564944076158316991172583883597340835905087261793118575745781198259659827242478953504427690354288631153446005027801244176559813379147772527104265106042859997552137156274484105922966746879613445357988100022117949629554849747201176264
80000650811736896227078947586186952072542257974805607843601860238414949814332398588062804340239815878525331613802416562576882465615410717547380306243651521005243198514739759326302613309126887841206169686278343447980318439830459436185029434209234474696673940
319630164306729758474774985338233825180940715394692425628125226068990968641397511191290100819908987868823670124850372106286056661803650484723610846268985054307912568118562057293007260890449891267692681026013236774369233181723637243912274605119891385501375780
1277036090925371272298276232286620498280921495506392107676949516125914230018434381680842077756729872451939330081592016275289156587050057521664789732459216462602473324884621437139807124170785131555765878731173760047492842471552673161024030618120531977201388772
5102226736099352748787107437490018564658513255679574091765480483266918636747148887191552001131510960259874558120416091311607738777029947490050354281875161564436099410751829293907012687079093508658585327499307573690905120724412556392919180566099671615681677856
20385318507363020657777649804690627726797060123575346924114754327658931255680794478816852232956124037967183790241849300878070016097906688352676313536655671156859780041014061287162455507392866529347313370564399919354519186739461955915757023928502357605479640384
81447246682044568478113077961228675948805273796076848645945744997542038170722586480425243707503022242726056004015137893824784648831433274661840467943922402487205668576000926103898284859734200311343272318052863245881632661462658187472289240467255239353390302072
325414175431372002764339721281705840268970584393189705829009979582151583191343687001723987405719554807136122323216533646527153741428922838129967182585119545523348325746359334133310402034228028249729650995267453494487585500987946949761510982025178394802616529248
1300162619110531737426467888056506648331601422929759376478256195642064791307482050045498573878937774441409092563936357006040877810140543013635240465976504838149669171780552019356653428129833430660134491437090228707513151599954705748114682898733236020512930741296
5194694678030758851698253833151144501687295833176129220400758243176590419773573710261080683678326616567631926388440406854569782939044425096104348555756318771127183178536996002021672183832835481225585284927886948716434840363704579562938182582226263612119960872840
20755037177491566296362578814730037181077873482277707042778473618250339746402705558764462381628205573553741928886078522598698987731522299060049680385669686317536738575645728319759692412341845954807030442213712555928347262565887148116535947527401192391985101307160
82925507345752467235428639489566450991974105208440506921168437725934841261985614798602404305059340799367082773503640849252862791035293734408091644641054061832876796291175607769249831129882622293422659881798632451851272321788686565678308553555618390464759801198920
331324755635715561402831770707186677341821216549166629632255185541293374863932225493503164072868594938455496903427217960394548979631067141855009797391192036349879605923030510223829202869146392475529307891739369033535819921395110699368082189260458887419703380414080
1323795065075910090767675412158449223356981852111168521120596255973804930409132539663056707036623998600819147104281846430585534142313906085222038611589503770877147737309793452946881832029334097645047933371750751516696741733857358648992394503222616895760687757077760
5289184864190015964554324402591106651119767917700312265110925689567085943443777236996504010013606353092529850445379693537211428963438962861180074764291386392004202083454327560013438503896738900941220904580250415545298433735778761948633639674752140872953160042393200
21132839145663076362679506643503672947299182711971434502977146772321918228981380233031473027106802373028369647067300301664040181993632473555183917325399319882589561754568380548400929532112854220297655185146957572531136632455815705028357055336285229250178062469362000
84436078599626738954239209563622302975992528873112767937050551871262882073626158397976566399771480526685725289091442042765199359218629998809228463353226742876571603238910384797092307732534932239512305115037030828573259797802487756799139579636674503252565017572430720
337364488241270784620543368483046680567328933191312122480572893296049642042856415327706978836872419698388289549188287264081981887319616745488258461367764173926510329451084201154788738770680169066763569100625436393123077820544210852072033971253278953721305971854355680
1347943762581687698262994040311277469891836064571163560085573813360502087711440330903174091857925076508312873746840316491345584076870500900621867122137883425236218992384875224573872531714477217068506238955967160603370551771413732696305585551866720829112389527786065280
5385738631264174209028762780384740068111722410181173183977909529260399294561029282481352187416393507392046724570363863527842804097251009236811747135192906304811230874117122297982777862085301390320785877158380191154880872467450276217078048286973918584348765157550662085
21518889764227148384448698776348905484789208425711064672709036390802620987627282989243992879268559242627003387357688003876028669222378380065618312311709617964618102889594894815717999399880781178744154350642676210340477861822621991968649341516342635199020164739053656140
85979621871602698784104537637039621710772649432157462002135908238212097035292207968629035033082733567489611941610415652434714346721659122314162942070493616169190597681222159242756925322890311176321324995749047263339993464488472303043348954170438346667764230129843463540
343536019018714993746715646180053356609930664434940435225178598970445886690648602907348576456211487657129948816032151964711863734132686610918392738325900521434251929380334116056293027726768282236326643358948884727107775387998323969415017541167256442067656601410136424010
1372619294886504913888143475474006722922345305026132211162108239638806301387449237858492657129194157267950165050750700713507833538857913917253312598318741915678383046524980540726819515986787966673508460530029881130923846902693676662957458770627455800455815525090393249380
5484398312756326887585624422056658954645444573640483809743768196311767924883447801798068413868145301520058060029440155769220983011903206452450394836975663786577060959031144967833101216171722228275103670178790127225599504251718978681943284887202180406158050118054359359580
21913358368145467582256782215601780129120674587874084621372704581457155550866825065265999900947843510733840003669697178129684948271634316148154517646543788759130328092020727576845105584789487851478795504666931911682637543736047677265867026438935447507700881635226572346270
87556814501687762935420801630910037341174271189957822063454327885073214042969636517185633893500232463046305533319700059457988889424986811000170589272850397841104502591578435114453268719758874798902301866385410564604624257831428641517335859556017970556371250703178379708850
349842057314420602286998663852235137138725025401734820331463190357404308965227504883158491062805505204359097068464470869171454844015369533738324683608957906030638955126743386622349201992616430146884351483802545593027281391743196193032093246165220492884885389036160699273800
1397832499264990591470639585299590658879472438246513442703600521637643600947042008622815407023304095525534396615021725261726907370780520371496648976491672123210221263313052338256043352607703346757380557392073246447316618995211923987204781778540789766389993770736820455977960
5585207257100423084660503079152236367288204416795235063832812352317739004224788775886959790802177587648619319827712825287944714300613888195391649974592119180405566867502189866379708294229339088077247050819189593189950647083109624031256278904442567893113411655661641123435580
22316418347626021819192438281688289456714474896541669720981598024934637225648900117487351019133119527102952152284617240901775699345313324245913502300013833419203586403235931878359386208368979510033837048445935479118572018284259999740476898334483348975212056684411822900050620
89168350033183226988918775125150591606881635113006488218389212878145951917906181225894001341409698203748122413172358656523031476596987172969738552751488393370789133896669722096306615881149237145291795128865948617015535753553349297340883180423119775761630326471792776161871010
356285377218023376480629930292955158626293494254034515500199647497582903380278579857113377565399612186547736513101677133480482640898276833302634930864928058166861790149094456148721319272253559742667404447495882955066326240014010881801524162805605307854129076858012991159520740
1423594471688530427380447207478610262986443819109318996032108429698358110105868326972340881598412751607694371089480526013350720304160950343600022306978241248283769394054120871021610638867442286693626174444400592948591422119783150875467710012275820456733640013577304539235615570
5688209846425423928040806091037496664323638138740503820235843295352716799863849072669972750080647755269526241558000248854787901090153053504287594954134390331198503786604275914726536086594758429054771575899442068425868630609636809919969783513755900407878240134002295879656610970
22728247223340538667961429570513774425940756657359171808024956651389602301850041666315203475095483801382265356372817831560987521998234539473545538119550621901859083514762205445150811098907315157619468615228594886398962775197613522667734807371125560625794563794701468509600196530
90814938514183472375218981254124492897821714914926035578088583219188686429312026376530540149127720981755370334992351991023655955239462779751170209296951579463566720073768042909410944027081905270735776870750940547253936652480930891480375303978012401314171213062241434683989347960
362868818770883062227836722850433931413009897181970720640820047986623647010497584144019867112788196041671737181585259592654579431750056485550882207596076373029306581405327391846860270104710122132555109156534136197225453616304733166202343760237969545570704672731560312944266764040
1449916571668752956086136015850582608182618630720043345451189709085119400369027485364873968002283319360951036113826267870183607386277978608827825101444996775091477751082642342183788529801499069254137373530321788627587478811801427381156864428311445876133509915739466879359248169380
5793451515966990913754822312345020634694792952220570766955061119987096114954124768003520478661530904321963992838036631348867589401333258768317731709177075526549008453919852810237794748391866317947963961534336847978815973055938943586033242998416143187291932581895241535568290561600
23149026724218965153096745617039477293673618019923152490938941317405426509764146333497520534271000287269100871176573516262956938597698509120938635637605145722439757587035593272528973510855769799099754891661686637683522953726938651954529843022541909013633056087893773037310763689000
92497306809332051504847065433157224121038068889576633537968645050608335987245561299231101017396784253949038179175982107484357046516010295749896255459918891133009428964252867383364737656144535540682153255037400590800283197421688917595224356957973205506913329267262027143437551489460
369595289215370465089096671859405692255736206890824695249578226604755272663220857736351136083140158151916985727291753982769904928247156183055155981744851683649045351468543493723678780136280556291231566847871924001220294206414847260066099848164368967696562057455169679732658128223740
1476810427263533170133435497749793288129683265091456755752725105993019703859459655843558879370149411116370037848742181616149829727729185746171091202971301132256660512150999506441303328603471880845183774866156219770162661161110946647466399689458006570955096569511642433018842804040640
5900978774126154772164492826559867081008811500188682159244922610107694280812117692848458871574366249971323511940545146563858011965775345667276054763716239298876831259821125494149928547660337094382912966337917478685416643090047387890953564352669055658988390862609851817993926098984080
23578942867819755398651749264809414041373165098996304668661191810563408010358224420113345000857892184885501669173194089803118377271454382750240857509630585400146086735521882012958606046762255113866150142572360143278140596854385056222514123312101174301825573855198734237281422998425720
94216198921833507837337742660316050470314101823771760943598342076107043574893705711169586328389375590776106188972408886768652076986206148781215098587632236078589734955332066917716599570954131857289145215389979833041747236124118918219846272670144357845166900162379692469534848705510360
376467764284991239188142638513970954200140194180753070888369650088508288291275396422446994051417520022921151088763694737170170669988003167655370373999919210056274475505307615480685290606449529151250799072555563681924099049467229472317633410471144997548687800932784655037406420953553540
1504287940245612741903514774743999440178274450577217413864564461396820736543595452603962410658274836795923468445216571539220985684487709174140044601402819828143980928720316802850500474349527460130379641705469035379498389336201984007052423650575251569019216709405941375282044977907054120
6010839223175587260397104544907401412853544922049400329732109665683283089105508136618223134399816971328422271813816410979746985182468749731294637988365084990867790095442371224853985169019816218153440897903969924641201062895106486061857711352216531450406841662087359790594279133950039220
24018186043279340786196829557654928316292880586259819865545040881911458619607751892265675087549286936094052533485132575581425527774295922254633464113787788652834329038241953715256069035989939926984002595885750064927177216111832610410039154301490238053401795741563154388440274831837850180
95972376325737888249216176989138470976108874399776034086869821117186644105110994186213125768528398410517875955837122482768124879116828277658223712261065513379509366477426769036985581844711779121457602985046793449589816672346870615977627252751982292874888060021837831414287916900429317475
383489289535427732890370632689089938749323416127220499124205723263096579134027298422767028213018856887994485980613545993037958628265039637855504001704524736743374631825137847383761271258329283357186300158649525431747746396052532523031393371367510807038050362413290026726069862732485361900
1532361291434215073967744303115991826252995900201624315592334410477230401302526153220906050317414798199294810639038709635799916948671296012582675106448080496333171734159630928250649549706637701302791689391226671470066788269332601937276654968304527775521165105690120299650426159043888095740
6123081580615195296551317027260163210861659667443108431659370857389388694375779214172861482604488384421656089490231115783848942628861170367185703482498190484586434075142195732890649680188201888875780701022324592238724677556459017036487694633340979487717465250310247078780514993095413253270
24466951096848467454174024916314516570690407835265373462854111108226766546825200594977057330501419443384492980504466607936327074707894250046121854947791493967304804766040974079949325637510294484337283419882981213982115462896200756088299116153138492979575250749247965421452683146375165201280
97766618308531842077100184057386820872100061480629337663584806843855116194053540095477254160343850926183514784144962877355724309575860981554676620013372518272355070370008727141917214068545514259481134865601313747573683945022200060782827739481359715452961254612175068949553671916962274512940
390662981716646801592010096815173724355354496035870076322703684236204590145901032527504447766280003702765948080070896667837799126202906762868865511520098193111237650867970731159090555022612573423628513829930033979374513593919441232057550336942996635844174945860069819057472055004922274532510
1561042946190295028946088594902844636316685801327548387059597424738937230334084200202210498071897798512390979686999714556518094890153897349390063825103866707568884874272099174303176024370347905839552027367040044286180574974072625053043047861010680239672811818547035771307564255798136227338650
6237755701179785298696508490508292985483534504593571024870938821739014860489588912106667484284420722434519503608742614857225957593250107432732803892121711802519825335213501134905329115413171236104844580177688423341214421476599810908891750794641541565824212626754227291153891983239960397137190
24925437420027129334200381808700240781702041537050110477328037915468375495465134673631306198374117227970659802490585553409596580479941973207487573159031706742824359460617051775801400207634846466991826983305749445546570619406209535806827973892336341221346561550890842675647935362740233689681560
99599722324086099858519167956331701717746915263910710681309514885104301994794883995906423952675699583945801917367035156652916734540922516493282200287459809568257648709947690516044499433928314041312280833809009927479684645024633345522559128490065533405641121200245516865109210099265325177055120
397992030186284020136634645996981902336632539446369422025336738038429345810785481157706912995840731972205597583534789839218966184115192270932183325791265543161611003408775462157912506574127320762540388504699002849895757675721330353997466519538266235988651762581364248387068514430491262675157380
1590345660076309093446592315486606734238381903779268284809032945509693072163698681278347170770820310263307675135809457928172000472228989650621988354409490213246762552198379513201863480527751810219586632387608952648897349181117279503250739085128067740239537466961670783861087615654868877677698360
6354912599502512873470824391939619140673043703092694108140001336177842490927414682020502921472022952333739249425213342657957184134745983967072802074843691968146883564261437007644108206291639871444205077713265610611347421255802834021667833989430127361470773203073030532457183354848667471163496200
25393849040313630302285438826472811038799008960452187537290278843696442427650829340906629958051814696136755795033602950855283972986499602290533131123632078912339199001540181952669220187098584228317502655263683101616598697607125953042198087645058574604019502753293260928164124328723627807888700500
101472504356024097525476043183022929779228934251800389469085429416383500402390939642852266836207409438764473721646436805546751042910243812129386449958693389350729344130067577180653555897069373052372652638610872863202461984275398039270648624977375664201546670670788619693820793626173159409315601820
405479698364573647202561756224515261431737439385679151514787852713930080084595429101263909969908534926935101451483034538357685616076563916005308367655097245101644295105900713161194508475151473217949454285338988775532936903069812749490277392165284624415900910778403722382845904443965695999491874205
1620282484681623619403386009367597302079040786909029521916542356967667959751154980221289247545605679848362480355967277383147881328415813792901230942793372202028749580242205157867758391933907678197892623164979623187558296230642454549268711960598549321383563979740702606116149507392955297502146355580
6474604473438745757424117771919549015414658977313564524883916358092763059035895355090076898608676230271016038438961635653583558909064668733564188172958689990020127425527808575080879833379003313014234154121953262573737340476870826418244458463606220216103823737153387612252250573684852159313873195960
25872394714586902294619496366781511434927993090320535191301297024392777704334538303840532334412488778036214438914636976225013061933449649067152106417465429899026694271432872076392527622094689070460609886527617346832588673859485473514878625691018054675291550251880929039989234318173112753367550435390
103385799291590659398012517768437000477612918052834523571934262320130097713288241308549157128683014714823525771121738191417242631653143348451149732393360118238267751684033243228461124011748416933968508455058511518575477652147371174803384515276806125781150316264355383771048492804917938252559880189962