1
3
10
34
121
441
1628
6077
22879
86691
330210
1263274
4850434
18681112
72140344
279226002
1082960198
4207716972
16374681426
63814540806
249015089225
972833022321
3804626620860
14893858395779
58356478969229
228837391396233
898036131517048
3526674654373368
13858625563968564
54492750674952636
214389570143603248
843915867341475029
3323616593849166117
13095616045813311301
51621701968428807976
203572546445987878660
803112963772544527279
3169534156652518648029
12513164792479309393372
49417869708561196555189
195226508089164846127447
771480175048590511810867
3049549974470390092932258
12057741077346925284240890
47688095016690835532159914
188652593605894297024917632
746482556035515735946119096
2954447072416490857655130282
11695755941129624889183490654
46309706567680824292174224824
183401869816814069459634608102
726473955958210388146349870130
2878178075159508730223816096098
11404953925957906637060880532008
45200660928947767778164113604800
179171396845899999084919900482840
710334049571869038688725604609800
2816593647878375146192180600241496
11169945235300997061784677815595000
44303799410071874333828909285403096
175748604150869505485154574825696632
697271296474882790019023619595339872
2766742776257571810869080497917760992
10979715035300145430611682474972996306
43577962117490928813758612294981590662
172979519488411911731955827781606610236
686709108533931956780025232766233866662
2726464095595959996963246198531016140378
10826153447937223772175693162864127755126
42992690442039635219245873968377535140604
170749643895565484444375233530307163302944
678216685757498217825185926745283050375828
2694135347674490551718698509010121197757164
10703146514108002285933504745263351816238052
42524923712552630234508468381641814089882498
168971929664001434995144043447525882178601778
671465200506084763191265053945394247904863746
2668513464480442364192465082356920270590897984
10605991747759934751257788694519954729301234104
42156860411488067872109402555905128710097976262
167578943460407331495688373595200344274046538834
666199046291596975692915061084586540003906044872
2648628962017293711881050075570216906587383297298
10531009781690683661701881891386652849930734918310
41874528434422421244815552126206816747983525847849
166517596904392169921972644978542098283502353168113
662216396182787581409778261145499992871086986881532
2633714135907566975238283472184590587339016575046011
10475278902019381156461553973392564444942848328452373
41666802683292577879510813018527431808701711681878641
165745507507690621837595144227933699940147744378790728
659355710344996419045735995594352462390738191220535176
2623152990379504022792438605488688411493052852342123124
10436449068742610025446912387865495473461930207645016268
41524713685842880420623153427712342697428193948897496112
165228426302555840644897128733142853191008925664487340987
657486157361193315690903788144685163746026377533268757379
2616445541881149289405406903714055545329894196125604266267
10412608784097986105958951736647696675594163788754539032016
41440950696019001725100693529171988355343358649938154873556
164938381838874224175667471800045858448282550808165911181165
656500676719518438041714221986699349383345394205676264396895
2613181869112767955157271254961260237508232275324966569756340
10402187958669358582073115644813971003423401561288104842908303
41409497863565800098159449066006360253415599884866286104888405
164852316496684123983552647505459219949931837127637730384070313
656310864208237893895659896696455609954822531135181555787568584
2613022918180685681615166355184961341810804181653215924656076432
10403885829432789959655087379731793002924706479744092459339367328
41425363381972936179199547938310124274911147138958656145876712976
164951068139033696908059186633083907160212274027021965901549677184
656843140914154829578782081475141753427883319960807001854237940632
2615686082227936870483499091817295894175438063389924169438403858744
10416616649361282508060934178825236409794123305656325408148240154792
41484374831203255324322368286566850386694014683520963591291497426704
165218598490537382161201643051696108871187297221678179666909010096272
658035842440597371053881289290077952880348586013671095649066004691188
2620934215452081010727207867745675954939856977602625973257575338207692
10439468202761578910361805051539250136816419107165178377899080646834256
41583022447922582676262869718683457244707811724293540943193298464446196
165641400721656299868991071185035644471819466078369182225446233994759020
659836978593832825996447602122605502445583511523988876965290531125008316
2628567157039090480823959660196391258706103601933645315459331489343740960
10471669721949127950504958572609776929376094242441529574564018574382244704
41718337629983783823387149390045238967747906808467109013761593407245738576
166208039156727475638303758110255066892024917893665510042319139709141892976
662202488785179047818105596790283889633457767775664116633969485729356414144
2638415115967702764902122748546206059474587283303448923347391529838830119477
10512566793117565550735728309464295660758179704024362922376086558033855285965
41887797704952777973106844094200698228548857443159688049320675873950308587133
166908787727080406351844590717109171727017314511163182598117265011804818307304
665094868870048775642661198980254195079104024020527895838093459713546812237972
2650333453683103477567135098595717009901424311517781852881040140964926293143317
10561601525486398967356049624933634501192147268039352336242246771066747648571023
42089250525350309187691830545465667421604664044808787072716820732655458517495764
167735343145807706147795594131982518177856710381114486555327096815887071799673707
668482079721500785257709031446866938114383495225758528856364248106442062393675169
2664198529513451299140271841369382468222200725150909146073447636226092212236902709
10618296731033539843923384950359587391002066636717463192288711050201696273600967312
42320854205623006490745328842398787092213782283532562758000310471740406962930133224
168680595273635143401567162237293215859449550897801274312863648295466961262333901872
672336671908205009641414274873397451083321673224953534144171521468001641236563151624
2679904363003813952397053575666761424951451337963919551043412289733739244212363032896
10682243193592376119489836090840056085070883042552150030964482360669971449300063034452
42581028546944482225032639627140899314923410752887687852382044240235149761790843557668
169738441720159655178743322252730636017384362756526999178118612312740379871789373806828
676635077856587980049628513283326038896128698175174396286830727217873487218700598496536
2697359930621740791851045508258625798340383364200388928639572456070615188952071646152088
10753089341630919158759450593981130805376055690828610742296482978230653965363490792484559
42868415573123271968935768169874496512530165876519847032759441206744529086503150741383189
170903636993150187217187162601249889341598696128152189949641778600437732396391081693812460
681357035061571436712277644666993678163482435026091301191126665246734140526459677217835839
2716486959735783383587110459566109848451395420466952280564625421755304767877433823133808033
10830532808626184223967638710495695391184511121433231492977393991209076934272231920557800301
43181847234086429752802244413337797793886623736379226698248233941409890990366171271973644648
172171668873791609386698716653024958312747220573571831941207202584755126853824230432815153864
686485112749269052071160033223021610503858185103327987303303705894184214418534200143924233972
2737218115815814271803422534585303819185481649093977715005790150198312766966117759590575457228
10914313488563679875249827901892321953939528885513037145173915968105056752332010919496182270768
43520318796014483083118035427829837125586196595988420312475528704546133737813964676216143141101
173538656427724160806685030929093869663832498580249318316531984955627513754707155527752677343829
692004320882259523565469155379117468832776925894906731996246610580771465446369614472509460550493
2759495503113109961842715988613648810382808396496679983099381600863980625210235562742100801572336
11004207785222254559080463607124612443697399708528961702966441383160837419063634660900023320465708
43882966778978358648613631599975986222762604639251558710503516100484926789211887146791810818796471
175001265344054569601701790402424009347615155145514708273862082749450752018283265858000035582979853
697901785211245362376971297887547440722447163112863171935226578385204611090978045404919396491744156
2783269417151736925056835875529643250913216374939656558720899383483335875364171449790381483452708389
11100023821798014206466375881015419872039406548793937279492809436541114367173878014113977434068888663
44269050558071285601043179478890117670154562020558232983893432565418196224328941313747099420013722707
176556637253707215853253349185233317516287369549876901234867604611497216617874468959259307066206479842
704166475684310548485334369899439600481729726067937804645716466122366161295422866174004682672638964954
2808497300934901184985658716754912255018557777210096431138985358202202684778828349291210986064866042122
11201597428502380672390184368859170348300133331788839582927952262275038634688628619725369018179435822816
44677936936354080275286985043311648655500441196275425735969343981383927895595539343849859988611566907192
178202330402866809437350527627778285246203152280580086769781892847309730865890830297363558034559749079354
710788978254316052039582073389815650276362735102170860601259638858756491440792198189772904465541483210910
2835142867057090345880783319353763465766726785299449663182698134033196588017286644943428836980681534172456
11308788764556497142421204821883693145890570031785794239800526743078523689683671703864340028144983011433878
45109087144227074380434494777792437347039334994607936682853262401950477727136994243815638799053543324198370
179936269609237244022569416492018327451513954105124984608430521658088251856380108020314401910836015368686122
717761302208276076801558471070730064796168322450335384366004630886343738729062577980807005599323634912709136
2863175355778423873783405581021437661551427895132240024639187766768419458406070458497792336544402845981241376
11421479460710704400744597912254812578883846169984227849451228604779657095875717019613282376228818790784409872
45562045832072911320384772192216853809163825176104709751400851082916711129470354844607439587224153852334683056
181756703852984220542647242832043453848400544731395195904174586304777567594974027093949599775633812354844293792
725076716745983027153367591503367976940210747389472275772000118053143145612457953670850110869213805546940968792
2892568905181085691333614800987662180559965982579591327958730372438247204366569071987064760179188886297480047352
11539570191354235690163129877505994192801293836456088915907531989818081360972966286531580767007097522727775714936
46036431709803104093248007572278614860122175748220178546388866140082622493092856843014017889686992733517451244672
183662170182725760130132953853744856389505119485531356072976843558832202935999035998371756339708170689559030414816
732729611778882961226498173207339208112887687390595855587208860956696467940889050571843746827271932872068858574122
2923302014238044208072388940664708172806337762945392636001340895647099953298828451967224447501766714341294773176718
11662978603124651849240406006461571294425176214249602349982603966070555694915980216212426375285411240267538667058456
46531929554561317102960520120137714941718163420861399846197832078939133855749426803579224400988869248530380401053274
185651462873249046584268101349852910335791933167780286166768013096400529066064861542307101039387584833647768489446214
740715378892036390740534963466510754992677942639066899050489796286021127135166281215549359707380455516746536992642718
2955357083310055558703082831509720657783975033365198853541856615707542514919500756849416264005405997291878810022025984
11791637540909154651560761132322521892708643030249525394757334308649442278452347627061393647038538449164842105596828912
47048283360895896798182834664488895816779782237822936197919157036673124661153950863614935343498356134352483735951132008
187723606973029978673557011422552843805590034153749627522841635581825433733266062295411459214529592968440331618709170808
749030309176646690872717065326771729826239053927351546768286263121389180291998080643667761922998031616310517642770453456
2988720019490841220054758990150367637815178694921893799884777098381242938941138959416653150168461850706921515542826787574
11925493523160868962512594447343129169780629719452260986737001147712832979417810908144991398205777618924342733200685491334
47585290449627889899831387067173294445585843780095330205296147310794838083280961413918314968521041192068726674646073976182
189877835538929371608595475776382878944330230115908881339719387290061432518620157907227792338090213833963265185125619466464
757671505246217317616318292161000636279013327029353286582958611616919571150534526843311875011543105786149457399000227627112
3023379896523044558176445467274175996121018623261350585047359929172264382051129673709000309189182499186492332112056412770610
12064505427211394082165445910825809281379575117755412663720966713566707994342297623047146248781830711020115128270238931365030
48142796384960097685156484384678131280676364124948573354334264517331526964908485893215698727925510903545153980642486669298504
192113569982228498856506090860191809550699230845893960683930587528784300673058381603125479760907423586720529167487295205948502
766636805231978048219365320622364526708279020709344580675057084532377676707510443303294770241959542909807073483570077348006642
3059328660844777638389578841793742450181063719016263878370098948244262652425597898543553353415440826827692283071259906806817570
12208643352256903272219742093081289811856375643204112264073031190957240154610113856630434793787993839605637112503593413975321000
48720690576019123824204640088402841535820746149746349281143363511454990903083829660326509839001539339027803995756022705249387040
194430403051681066302391084079554674683565072149282999198178158088640235679214089342737578416196942511094906679989702463857553640
775924716940045300559730557597591103048625161137461559645360829702453294598437829043585234156827917821544545529962644284137785816
3096560876800910104073877856242913063364733239208092182051564689959549078145377127998879777484428663885349412996614011614509970104
12357887633315596576100307412847101258762147527734046966847010354696243805429838507243627190656933764355363794745538143108725285856
49318902460453792474858636550186707459556727556896671805739237709468157639634777233942590891588984231335733309490517486439945814752
196828084060995715380794526619203352968770333009419858591244076504540425636224047056768010113425027694849096173900996140533047680768
785534360664583941789038943717221724548992904014045503746087641901786003122688240745506909348498982200189303726669436924185137994400
3135073505242937028591865425963501378960086698473536876601293932050759085443316162082164993714638550056272113880860258677210944679168
12512227983994519536335043024490174041720996179367263407319551196915903687766736991359493058033506305450538076879105314161489391912280
49937398185043751008497639909066961498993775973738436391951482684916438576990145218172071550475385686464923649148297108303078867092248
199306506034328808198631425289599660068155673006332509445713890336629298426545674877994749527561966886942787264322373832817404036047048
795465419403902431017188922097535686486600613074516074692123546338670435196200161481251286900392729920343585314488242800483557376421296
3174865710706297808814366248026690239495106615300163429575172115962799147949436002285742024910594124332573547368178267586933179465895024
12671662749590384472326118262731267071897435160657068063344295306611189182913369481818732212891017419499537609392294559706585425109973064
50576177712358484961732117132583155695022045854782788878949656366334758970533093746864418907638752006230902298510759263402467789678037992
201865694497201294906249928164694550380048627736611959267348996971072333044772152561417256156896619216635693904466557203643412289657298784
805718095432190630529071036391039220244334307739697796330707643562944230280416706203147582660821939044957478661027422576700136855480922472
3215938693140741677881049464070256034584462393225938165456355753041810183567571984826625113286592237524504001805254540300659788877608651832
12836198255057385643791465595176503970481314233429106976559423185464090208073206306376961106409259182549045922929545148810648712287241913560
51235272294012799049828927346989888477305842890418211232006229284750619469056263581900065942010351221969014837336461575883090130181490462584
204505797684267144741908712003455372665829404774951880716777030076601223204777224144898858496184734097143063860663878692765406772764108855096
816293072348008007592168526266192037073247980582807052067136229601920391118380199287195202223059978269163728085374186049012051979179438581112
3258295540813753583361472832334423023837832924864177917812758259950227790543538459635363748402936749944049269664300497646851596706836439437824
13005848234841473413729014994517897417893053898992080983225188994049102578459715542261845639304886230210983521010344663554048927338530527477152
51914742260506804958910455027765428785700188985354607707651535300418649835225649698295464235652582014713424423795192901911610268375526805453784
207227077971512439404939509167111037707168407469425576169056814275175963542729819263309708039740539410591284459894127161808367381524942204788872
827191481859072252158297636749463312751444787491224002577472919849249017479862682315099441054642048935556976959685786904092784582556885329518112
3301941101537310626405831575110702810716545286527967108741765077509148946353259832918002264904902787080499510847670834010410956475629167858893608
13180633333611873155032119819363511444198674201840145429174705107965472948958838246763403939885753080435492407875688316583897434364738194421200120
52614675085421432854306816682435789695063308797891532632792552850731151783232594788096518735942970385894626612511179157711695674540223399627429624
210029904370289674992445699385968477035164799538881971646639493323506857919449846303813431884201403572813221182533380622135820612357114047416090272
838414874677212915571712262402487696264706273773921156241188175747589430710541285002793820264545106296780623610271206646652690688845611943185764096
3346881869806456057303755341908856881570134503112570215017845365781494184293781493818730483426993723996198106004646838915058346580748454294102545632
13360580668600786477861935871487815819839641992590666614716513860511915816656645748074516731870915572637347650613745153548613917677312318189543590304
53335183688183355769218633895504530838064748836526207209772094877981146525930703887485244818394186353512101608539942223251876484541826650359571765216
212914745945302309463652604361879791883904055557983603618329340575447471752747237904053019187653788947855581924940564659328983704419370086997343525600
849965194992142700477762434681527913503372535268724653004238213226737187223261714652848634376004544308212464172229416496069730519273267020319801927776
3393125887801837568490669900838914677546303074940531538065027244762365009862672629440715184561232037637527811045106288985994521602510347830344197247712
13545723445657635891592140259809104302116065923897821192448292191819679411826122635339566281282196030373814303952853176240959616120298107441030690509184
54076404944968534836876911793139375199099494011189252699064170262106337625058465789790593054476518294225148485197451075304151116393153135658771228927872
215882166039210303851112811813984131922889984641512364415564334758733332173716246610953276673970127272523564292068919861454884626289613023185400617659346
861844758071611751892015232937296159473745182114449541004649999750516423698095491144402049311014413804583075741473735891014963596562020627914070876483718
3440682658511346613088521744994522065938264281766177603986048222208374134932485430713866286605265982672703709745680189935282834904294950158461823182045564
13736100622287739091734944546587760998413726990372537596352795176487966621748650912223327835685244197856308792276420238384615042285546477231060084542781142
54838498381782372332402614705588519522776109431777403458486765474511884945034636921730373311849984087425377388325231408614211103013543248443897077755264394
218932817203693327101042193990349869351981906600757703026530781090434585082629119804805128907962645063960981600507144560290461312769674023284218433808653110
874056230601459564432666312486666415908909827692646900608111538974889200777787774717813978648948056413291350006264910501107113149081841532863541124653170092
3489563069479401453219432267124721673506857500062912437013292213882578957645283297203807457813832822615183142010865616187036013523293219652743792411505660448
13931756611919138336384868339881693181505413298564736540241343583459311909822628554800623545157052501241920259831986844164418151193421628422388911641724868164
55621645027497467402782387486475256794061036773471752979350469060677208350248646992202329060232860037680506453499092505885562896013308718383637048611300279228
222067436751196834364074956522996636570038576488752994343212236715711795044689471852942740471239051980395457334266219539245595608036578346462624940357491954324
886602613434398172923202070688809971074204188342361525339032366727824687428103810094328713948997395331714003104690030100770657064370353924796750983203257734742
3539779325905129755894198649946949320991969985489290931468114252814351887639539430986474615362698853474015882776246026451468723029334020538252623961119140673478
14132741024459350946163212910726372908869247935645045199585308836767803189654109020572562173375501518949569064354921362860345612302922837141464138383665286865078
56426046407776384221148287264574291137457127448966116930939704812342236062331974305910556139058353200368493118633471309573061735096375578309659252871007773729984
225286842853689902520249611351417714333479821095249840531397244705056046646664677854733405829070519721744792137347222083344718570510337509395961853217555212613928
899487226462927273403813781044588482333583469862207818622370069527799740535876629636532556763391175994174456315944589388886915169419523136400764694126020875392282
3591344891989890084799217678484626345815908278816643375770612198433664444928682917208909578244746651251419319651350009943316631051788197333268713497477229339715438
14339108438893374507309413212364650854162300121270269702078169341245234313477980785543996832416733058022335289082512828972555578448274154189604919587112589431230968
57251923663460920988126538754320730819811616725936589168864783286048320859365745650351694020686340781250134158219129495754215577113816046439782435384088307753214846
228591931124980358451176428480573025839412159248204128992876885105718734478841156994655088807478672362356930445777086628469072196678735092001920852251238764275443754
912713695371115255571418648334235320638680884657607462079350742049351896535894744688650917364806346432255650148360388279406522815341185989852257799293108691969470550
3644274439586021844280479398905007255292835730203330337831538072899566388299779847661971215500967173955631809193460124170058629986255870715287036557541699474878971996
14550918204257504516636080670832467884484776355378829683577052638999595601140160995918851602569895417106757166409909681055873805730327842830524833828573068264057263760
58099516779255613771908777182534425928614464104883340419747541242816582042042341853332394198632370991463366575585918216001668113160830337255598384285848234655238875460
231983671631785096788780017992019446500268500810464936452342448646062754693097037761595207832605016897380951420716276223096832297895753533950110753815240202518471240924
926285940053312584179374291222402156331511652164743947624872139525554898718799631271130128590605460364168119523231587931124243240221687685316912261702667997457652919692
3698583803327139796679174087689069134049615695890777542451786808879454056952085145449922689661427204465057658835884609256442138724330381112565950267797960212755226722160
14768234265818398760077532396051054811598866309363148342655668240221527952459648706586364176736973632536301195530368903298354347605070983268181920052885208562338532264304
58969083910440394788095722307464153918003752668645914093688781467149372154458452563754913559861695519070625242638902709425886993876413402085846909459509911527814984867840
235463106286104421322316542027216826624535446046573837295859942683153437552051719528454595962291485505110410257019780470447619037859177552057733697759050307823550026483920
940208164516200439879201664763243662573852479085303070814795310516948331080892595874201010761633165008501275574815428129863022473541618359430063450328648713685680553662080
3754289941529534326563432985630069180530288997902921685168514993447663744292803536845278761303386246938850850883636912602026946376120307291582263482218476618195555640024500
14991125013708044000527512595260932195505281737804765044834214153626169909149677435536571993019040314560276013820909149918511345249857791360869563890827920317880525186592660
59860900796971642560651696690160223846266356811511433303078585072701786676898828902451006430046501677635084055769300536536880552383093780100235131765016419896148336281131900
239031346577713702694426531386851334131795663431680630619802057130969392833904116046969556040096837223207880306071504723977205351605529555068784803159157830188063580988684840
954484848104740343615339119427526069729352290836807540431189612280734614079427493167613655228503021932788155504808525212782793594505176733048357017257655091275307256046133832
3811410902247448639339126900458940936443678458695168391279375592838447182776924701429131147584951232845899718865137790298360142012483580842449706323611210887581266240737348428
15219663151624887759536326587171206789371549636154745123626907277994271368002298748348051838386064926403716999164433953091489562899261833035411707529584566658670603451214623452
60775260255718398516583509041495219166714931680565383111295256905194768261318209046901086139723771309360536619561208721811527375394178020147600426665562427136210423728152636944
242689571610940045945486151625571861183964331051532318512698312339712170927816416753502602376351804902510132264393156254397192195274803330211291395316315280598453737940419943676
969120737913255083390368027761436638832101224723626891570158684338603938882617033606565996191535622662164039874049944240815799265928199658149571607513723563999091570059286374580
3869965793944765393828899726027542042591901588395796315093153219177298781848841188843232957735845044408341314633331657754419608909914219700650917414778752898885157792545163466916
15453925583519295896228428652918203822789221730320681598164679005915030741673134664639091053878586289821579372053460948231897912661686751041096602060145865928570795238761558905730
61712471742769218264263853981470818471645382634764493711667012430698511304918409889946907085009655349248951488944644426964982449690168563437077378863752086914280025488989474118818
246439026414481332845190818408029397436101298350370542643980049831987217202826456022556159043939702256492679001583832766706721290858452712846825146354084904834739656789916505245970
984120842260594429341989368641930928500332275661319456525220645946485361323041886861771693259298680783660843009004185534576404844126542215320082357946512803766975775672823245082976
3929974760314081394803338859658642022134699595943793290419032783940842068036306601998933248251061615736336392274820119962882506423765003977637156362595118858452499112644773137064472
15693993316445861659373486073064369697583994448551590216106011109984472943737723700388289192578274776993965438749992857397426076509583227009515254008447925276877016838097672872760690
62672860978766314840723658952673578126233077261519428316856205572787179018754945822043299878163336279864845036959374349863220916410611214847797894022476764800104454846761865241770502
250281020496970079011291621345175825711890148121354483115443905977421464160871126933687521666526308701466111911619304104925045174662746917034088929991081950487403237410478911658934792
999490425123581440513530467670445182360479129523870092305225921186699060873616145484324223515020695060976692381093228362016141000068181747596400804365628191043484571073732175374128766
3991458958833045954432301788869523772828991940307594547093916955687696445308325530443815907057492293925461827777209150903940520485621488309972033767910098555871543998221337774666308698
15939951377992696535754778321470589673242008396012000711388387460579846206600123379958740101512754516230173100190980846939872077763472120073529046079773761432303909133592949665004480898
63656769631103311431058949732220643441742549948327695097493226956638838297053475047612905046237850419556080642477134830922270240791704475787786941063949627402195666176324570574202195536
254216926624384665866930219364074141643787245833608036106746045828662072188598654922749513206208135385662744223757230448672443801838162677179981999045163310221610543185758889204050785568
1015235001436078900412830233088531656100306198288787899676480917281443463169189129972617811340934930414957328098432747208602485330553759448829674179912311250438797968140662151175372407696
4054440542698653093407613036400489411924279080364393913389382901436967137166496241400816802331801171812636356846516622452687766181706155563936674118578734226382775168435740721157411970096
16191888746894305950441239943129115978044912006313575714576203969996387415656620777094943345706117586684847842235397510687298289397274001379354093580577306112354210848448362318196935239328
64664555047582653716679086045010004177785874736603395549638254019053211427024827546685135774215264284035975270894123515497979731931814004357488845300595346365246795024408089653700082272856
258248179798348586367825421126739861794389486920653492649577619697451088330319040207387927304259160119649342795808463411866161766548469992027953549173561283574757809338058916905489554027768
1031360333172378863278093208913550204868594728183354962407508115982451219813776569237917475297499478706496828072944236287379762677824961483277187166111039910735366072272819935230201576001656
4118942645824131935572676135855382240275239082824667341397236090553933154413386403397356543963386403282650288198178133479920615516551484150288502912367716677081317402570751806847664590555264
16449898295604686111366340655192075390135690061540183456785926487256601310590572671641546873191854250626084491563581289533335483359813096956834414919537595938190575171053236739412216655544288
65696590036786557342732377299430078567031769023765828600047827095633566208777518792071282161778262327333219552398751777311342611023315053721284388569182187991554449304178648214117222518367302
262376276416903592531924917613855465954681796386581097273395227689641426953302604851127950949773200998956138615778700518186834558031708038176763370514892670180483875436335517036437254125544322
1047872426143467305345745044834994830209848626051306317191291474034464515240922866665452208832831152159039332709662218064382866593117067145060569227834358426730249754046212684865668573038343464
4184989370621194791378456679115586655666243740491301483022799649618649410911598540118199011736135663897649360424610969384882292195306152721696032416172206037123469534358683672204186567803720182
16714076743754796158232438100661728653834962533176109722604852427986461292482475559804395116467082741199235607094091148953379062574177647456111231383934838406590627471446937709436419372633379626
66753262690986362868731175900825291376609093949729944026917646705298684448769027985217245605147045906336675112946342437391475131521879811831234792342043141617948919817396937815028357894679127954
266602773601553001041156535460794502119901999741617692956253756474387531515160271833870479959141028897447092370662867165890291618840812141013273395442922144766523052915824959740074536676553360384
1064777527443273182428787285074056007697015357896717433904914805879793138255748750763254605196724797863519367002113332170666354102520797115570551319324555597162209421025922214326930260229729178128
4252605778323534678327540896820552587210114550037377939327905750873351335136180318290603666756234801536179683823496319979017126708268335998873457621735445356614074136887750284439679349808566139032
16984524621546853668839916592396606693527685379268196730624563107344382951812726665828110852888899098545295941656238751046045118321285091821863879101465155597437220957546344342966850302457399905032
67834976247911993873555956247825558987502344784338455336849663391900799377617460358060113979147375870310680287571087072041950478459119693225814607945417154772879714259544811778090313502856424791216
270929288676295562185367815439657201522605974008547385367390753345241594456541899172145317508639631909889102215732919604327643806749465514647472848142472224441232221558902452785702130371785518777602
1082082123489463935658753605616260964076164706097606372802823046551393941555739538163101490385592716997549194327391571847254199072996885024971779319304572162535923470646685920614561240255464594711666
4321817881636333155312955652469346963210933580022103302194162966519456225368402833359201010204250218996486547522626056950547253588144425696323686712220554407027246861621614381294745975805348419939778
17261346242249740128100393702964101591825802457949286222260059035423236660034708642930131038235388416888960765179339216933668144869394539866195644451906705045182364686018655248645582474614832994341280
68942148988136514589210402097600077110918134057695793076863222180826611807389811293736789259798266853059593809886794202047837183563180303823916139477023602133369799950721553853251581171036779721142072
275357498786049206078151598848217370582738576444732089672336137340860017249658665217556195661656352549913492892062746075879424395821668800104751991543306472965555098946726597854465258780464531369384102
1099792938609855342317401135680610466956506859606091279541455699210442839184318394628903360739044184453092594778987971999660311540492242896889775556769715267298595769410266132859176045706504888459585826
4392652639521752152828595163523702561640340057613112707707975649905234833313009474270432931482784260305207907145760939000415026260183903646301123159041199218450761568104601091475186999626439945442198296
17544649683057521566674963930133624813709616783181257923812386141707129769129184595675003788681924094652659682029548104505965518683402049736917587167351068998029000656034825249910742146838155766641464658
70075214165209550713919628760046740770515886734802049000068974421185201487653195005749823182276640658142533289536620589993546394159814297013494686992959201875489456132172899151418924194458733495694952966
279889140643332252438791847543638655379950861425977601407447245736450864499780847640975943212452208804260832267914342032679633688615312336268264883009251002045410700291987599742293535489418816771817529193
1117916934131195801541984842446021327158662362657865072867875830857531569269743624570252105984561047803039788225241866504447148094230139461224048716475562955129389752660237407479538548737377438642769976753
4465137953952452917275012886266838599141001999785390445888888319096747626984201114275028439958579088770915161129354467432218219919927673030705816039628046423312989938698830690062113880153153808129190585212
17834546773658663485623589086965555058208007480107320017518674064040956119196139758643756584024571930216776879356219728156782390348811824279313237753366254289255038156289260942446375282666791082359249745915
71234619966005177914333260900622077542308008289048322214753060870052146814543543037787662725951887262567401828128464254707474449677392642678646264981223845017028501332661544854302519486337044587628554820981
284526010393356605058670707746452722912291855405003421936449047702314528641782002789604098018101682879422483080077952504615107859129749974537635426267717872263178028733219660110812962993154837429880865052113
1136461307932076532495856894515051813247266026472308164372479170286818664445091327520402535883678610855931818961126294537515941058802735425906856919876240746281821962478634211862819292584497334368003910910984
4539302668484546019071782913080068633673752849247874582253424801158307739228618545634726004320403612657430691216395729367209575930392834069080972184750997102544143702044903955275282642165917558390540565967368
18131153091938623429893923293627809511987491985684275188794695970729472149414895187738911220047076601214181375437664198192716658796879317953709537974906380977532159232138356346448319713680701540748987428183796
72420829499041251060278695289474795843192641443575866492167078736962974346856056250137378319199430199755650324998527146144636181487592282552960741060398845043911531886100265066527690956069778957247742386771852
289269963588817920257865361801513740853377529597189526422796898638644532479131327803476925481249992117988029165061330632991612850886993046318623657539978770934286651285316898817750424976995017400039479046047536
1155433494426105595208436394982673784223860810280389043339212162920390878672927438476740162292443520032912984556778263616399856678222738718736865650582604200341235710499399738250600454818122924728646996250437427
4615176568518398033033214941795794989613385365961710323839053691505348942966780033891960469478841028158579032558253017928263543728122739812039992949699636911108186494775213798663406219228435146909713018565482443
18434587966304563191483249773027815435330886426210812551370185391644582993433894641254231626964221190673565997087070182965460432636540472619566655784251920677883185110240556109559153838501248247022127419843317571
73634320808783533151112085452887548293184131398475436750457965787291565083195419260441841019949365059095222749229271253438747571411926641325707448898514619877154574884573615479707323174109506256676823632979496944
294122915266662905285958387230213436727264285450039821165654131618099240529823319244726735836711642621247052787478357616551620278313313970157261001755968574392641964018095543598453844768446047208671375916955444276
1174841164945346729851775619440584623909497535162624105666836309084040981737404636427986895216123210826335154472177524990671722272782487911806923094049025013732294786433630528934577889256443923373763087639860894613
4692790383130717679612014016016835355367866106908506557706735010118129379442456423327140944668776036343264811210341197765333681908061298252714877260226481143541544177421286512865778223736861206753540692544981639991
18744974484179149240349978960417625028583557491342054896997673624044843157220601334049566660415921697962840722670464912889061777199828315327113217527426041500161019137558780381433420973765026029719389929199398644308
74875586914174067029168919262681639078950814539702839999481021420405416149689694337121711086662111848194340686012077737069913021905477377692509014619747547168437825831102454839708467638690361618917206523935416139239
299086840119991822963313676040418406197887214503865321178647957835435880202193385252324167904701304004828682753009777797261181428132975862882063827594516456278803223288433491587899040457155102989933995979461280084221
1194692228497433399105696510531896559495447601976517323515651446677214436651276526238419813192313539006336317816715918742616124253710675655229571687815755771133607609289481214933929633107403126168961934028463887712881
4772175788374585627557253073046033868660811457947997750157951536865053726042340478945813030178488200494516116546097159008301564424965714540617541446217041148728573373357581210065746428999428662604562669962219484747032
19062439506261841376058433065221167918056778129767098124195497123570455292753544431701503100633455148575343487455166997914635465325937628972813133177200296016263390419350266217332861483861154353471537259319212978837216
76145135869823015956500681337082578545899028778558881102221577326153083367146298931999550114508361844050632873658432113140789946441187451791042044587666451215376110575091511280810928918877395232972272406153952240748912
304163772759030391547318216309631465575845878936049562523678099687189393694913381430750318549290305874549901415081093274598203774603094015148069847779204365636175286006182792682337681026072842604454292551757568299273936
1214994832872783694634959853254186768064002759755939063544366894883845289779537982207332895684392911261400957734114220421823609379938620894904715288725063025540810998632927488005404639619699538443573254346655124791486272
4853365411955807783226006655230118440449001417352700436970533112772620586110111062644654815438100933575964161331418114856626891873745336646873294674240544723296385825309622742448399887801170141346578851348382254439246248
19387113686201593518840306799331489895215339980643996228754972487474133400912681972043415898802590496991918129087558931643344463357735302084604424047668608384879111158126062283238602839353229768829867809895952210604124936
77443490848480108094360836209578941586468711220074297630949169024719374536173128554145544982149847557148268823533631660089410885061097408703439136057938545180983902503518637699292885775277064547266941034537951971810673864
309355808055792805368483772848274862621152198384945551039978333791271331099889830948583876929590014940657766152708167428352925979085853114310263395842591217108916922222456078188719336004495657300457659564805096805275101504
1235757366081014021500433301828110943557487915453798502801182441681456399449683918326222031971027263287662714565753652130562534319070616677629430664718018690567859229640507526020667265664277300404466608531306805166718835168
4936392839204359008882527346697582749196561714727213631525389387951954190598235208810607038411320044318196772452780149247207337089298963743851051256697114635249091074984037178074542918216822292325110453018915836709755118964
19719131495365268876543413794876516522163212960460552020584950306898224972840139269708404994769202115060337035623951315946158398759659839735412893568122127533305044452061093524159732537115355059144082523679994997692012953052
78771190243558797310300825921308146796664509958176598102013996705229300389720724733656371933753476036032041530318377849791001004590434378290395579382114908972371122984793201119525244195125936204105564596338127247995711390224
314665101567667927411331527310777515285516579602450575630799126653559817284583225285785788721192446471272810431237831733278669256872820637880956520203921690283268323831711119495732283324122640569746607116783161334832566081572
1256988458098022605523381145642607551293946790020807985945349145869892545084343870639882471882237118882732586505778596958032713030205948152337835722426707943069222855533504074433914449059452694938402468256469117504521088626044
5021292620268912422833143372323164631084643441427958945388068541630313940246683696591548550331864039439965158920150708487954011220388967708681056538471149052606451946801017385517197945758191265595584152304747428067675934719756
20058631252421959688407368760655809571984918598821658006202148486819825665748104310548400298490908227111158180717283977832989483347860762152700983659631188432837375424842251647313414136327776033607213907489221820710093692794592
80128787790625830341094253206837003870983361299995315629679993736805606953973899474641065389585203961561598620109345658794618964394968472096321899637195508398720150148114170450016863722034651276302634542566804359798657735798688
320093870035703602985505425508066763130855594796850621305932084694674006283339274405302817212235512655157674415785349679002878035901567502988482533904416212321386996057934297707248135834501525923610394203023115667336804854901072
1278696982907325685552722394317334020176291037541602215765191730684542037184595266692565224313022297349124319880874568577220158121140453302910568555273430576967331927384409461287942731940531484721851429324150442398380623691364016
5108100278470664856424160248163434416292412290343589102743096018110031372952570054851593914809126174489291546974762314017870740108351995455150546290212889891281193726178337391160889026156131419986284719452803477938863647869619392
20405755157495364124393536295506333622553981983957903594977307347301331284545674925626818413117206049374270345444960660903836879265284085933138315278017177806104359285773440295401614241994584224262172511832932861065726554325768091
81516852706893271240920937266933079079905011871939377395312727786481541765943699396691408782006093822519969953315998243373488938072682839726535628635743368286149434439670330376331037997635260040132462809575317016082505825459309963
325644391953847953236266639400765803874960618724119810737068950922701586903007202678002840520554815558185712276597781463355544615456289380972630022673491843312712902559998481503321289727617005219044112372070300844916813161112538867
1300892060821112382321506308002794186606938504664092377304151926401998313051130228159141528027182198186414458195265239559763162090430077324762900183398696056693241929854952843080648599931252620855977174160274694525805160440079319472
5196852319759997826294812017002857519620551618190243547915066909273472680978337720335887595182852513634628468624796938765897224162119637537321656517732851687558752867548497715979081661944705808799880521106708215600353173513217400004
20760649330664897494826480034303951569376632682763018804541410048972191782151073310068448058847996713652538853018842298118520585776427412142398949517673185091704703539417449976021279962692592266331890773274333960414620746394827686147
82935969847861064523591467310654646159495806416457749097098782607366146897987342153522964966261187333511741315225349171057338586567744215104451226745774169646418913698468837947977017986741587715691380958951512754514442382807350100289
331319008205838723374304285934747632252785205779715920614130556107528096472693591882692614957619685808442268396799720605160955198100883422200444931288134448308082882799295481521381908277685327117789948802073392769242884718963666032492
1323583061068166892237730434320490602436443887836511157413973313698238106049811256942689966129972140636457594752011163609278188508187627945004393006088225633521549822517040976031631523163785774034283836370557103290254205609413096412181
5287586243226064655916953239939204608552650780349676018212482617583914436818168031620873655176047103310614916252261356573014070046300677136919659108141453800151719193212232119796515245086728419996193751419904891618625750757812458825999
21123463854621723847530891094859046521643752149853898087876983405201583371499073630922927925410475758603939305488213806910545110385723988382734360341835736201977321129233015244299604639818487534472782454451889764982970680199625833466139
84386739880357551575321830628545045333722199811785780289399269845749740597293420430534584197947850520479275224810878620686848092817515528900838348368387048687418820924543949207307251753953377511184137339587521791534661582126255062987592
337120122766818601461208840115140470154681426606245284947012690086509011117745855467968415078171076846481554403874784405022538361662170246517236255564112813088775780810568841216267904360152469815175423638216261032413352184076932206659344
1346779604637313284646126489459069095214479197352241361288627083994111940476348950655458961596133315305921568133754105043844829709157914809933363646037618823381400001087746827598812453458428279716455973067120022032569127645000781224980456
5380340552615262743948252894169249852425216529413756636011328969035820518616701360401780727129086192350793671337738948249933457425751042065159485839942141263872125133185227511322491651173563555523512172705478767799972441277695406724977784
21494352821308753362098233222564984159956331082897601256374731033919360821372816643187814339314722147393596467387282712700235838541513278973539174849714756287157441579601942147188845656081827257852110671792945683932264406632895197324720864
85869779471314407463445395795272166327360862243379630121539179593989054142350582135112633031316132358605002563987396452328631005537720857393528854052489480470423195703744748057325092503721675634494588788210675452189777108648326033082089220
343050203467101372491922023323795334474620091055853312344882693951700722161765677863634424816855483652389508645271841481301844238104192453296052277592348141926797408977505067701136944478710139316527508618523802400758719486023016429365409236
1370491567366390008142261811731618322063972136201989670071432956117079772229798191410071755599215055869186396273081053579026698967333169360563236798629089062046251881297390202277795457289270078032835718600439383405724085452368033267399897332
5475154768819817582817436201431863274229677105025690806915299207581985000458147647061982666813775743273561426776004043665103501885230293782753050588142502747129644108403685205152010896851618129836095195854864135820160544345948901482276393248
21873474382394178733979369876001673685893171487417275431859694581298330548700631576621856621912763056813962283998518031662921507931948932234208504810541325040855931618545714044564420287554887714606042757684409491367656323267537655284700454640
87385721491692468502768698041832679357442069364519834566123084663114234273394916153854297238158647741112813927721913446463105137837704077908207482401944564249299199897372569480727636283308656881106908613295138017539849960745199850425820885869
349111782815825596774302882827287509317761081651127681955156914019370289216403973770581039495807664233302395454728000835401652850196922294107959316017005454280234135498051853059023442459614007626399624863005692697566186825983183387274740091015
1394729083267976695359977394203045068301959814342649333910410885973201490714827862531459302544238851128008858523123179023936377824535071895473662728345670384758938122264509785806418276091979862868521484762932692375650281318851267275256608049700
5572069443302443463554031184901026435259419693501029711706939979114068060067454568816575368693142859340452400554328424598604202844571263092300244400831049155091516513968479772865892418871954370786445026220543640381084052880581281248343373177365
22260990803446596811085497269294105779728268231526622590696712946272074725306927635926284440345612580842991075827242960054806149938147274405453079008939352506300517080494750628894674679258717934978602182838317002883713235374975202614707161043627
88935215235046947043901287418875519403651044141626479704579611988756039225553410016619969964154771846115835619125929718093696043174803854137645590928912940228387995439279033067066580593044663104773869319417234490309244947324447571484602087912687
355307458882513354038713084188671225728555862722290565771826478799553055169560888627870056254819220923678503503670977575633180419172541285459749379868887899625746964621008977348179437835360147511230548823998197121124176707521668722225072175029944
1419502548084191082379364989950544973550523452072672813875117658537225429305012548583749865041496010676068148186327272800874239283984833191340247236782582145241512066588437358635966697006080818039637842022903834565608607313131433786358337310056472
5671126172427317176706697055872742101732170354900691526213982414635238538874561459078710404346365546090086450815709818050051788543134069310379244332086996070390408033716586327116325015096593882433239117469124209014199063638357838487540471937769340
22657068521696421514824587017829768858528896539580635423062647116906759363533145257322281612416694694613180843503270864451852820804129406098490064523564929863355062571559694553175678662529292949476951009027510411402523069860009310851834386766714500
90518926650285514237807389722459255318997009544316652893218417671488678437419120802052132847792432492447810428355017036325558110025797073514097135076834099372474453062567921407577698293167980076567651116363456101147082751803996361062466858065887760
361639896234805099356530654816255196912640245719232126807894857035452281240573259215233901658311735341158903414595536813060862472643811004740993777836187909348184312058291097785543347383287667408702459757689508828773902702482557409194766429396532855
1444822623063862871388559388832236748304779510973243304566154679527587778493201435752347251718009560224241603729561445426864814368142474156131437526577094981064596066279582828023370321853206615358999218303015916409890147389439705155478175078540197951
5772367612671459853167557808756838101915980728911459502692318450132091493179119448155211760999617320221259567381293834028758608014171714836075430746926593488546111918897119742147982436350604593683731749124642155082591673833353038422535009156802209399
23061878207283351444849537333301161211779476917829760571203541929944504078253223651180926744457038222945063099096926587527642387579005078361967517666133731648582171817610421057728226150624325925731975946639731570386299942922875306225949547849771680496
92137538588231491397595211881931977757269216720463692226886484116995626950066041618983831714262311260594028238025855515433032656066424290152458310654931082776816943247224923895248472217097833096148158249084356842554503502300818665438067711450589015172
368111826930871002018323835843860892124859963289116200136562236073279000122333691212984449615290276988713623674129952367983470161267507066680148701149963913299880666130848195112920515688716329065307778720569339872420578110287365475911434602924594982933
1470700238956286444366350715829003483977653519655908373156567418837261287622689359327016424730302952679121584320278908977476545239701448734098501621347139343368423551590523773743857555190029546235898384951949357487232957337568741335262322069995688422295
5875837496694115990327709128646700026383811950364588187253377265698207036566129154375016621344768738179872458748191733023132781537105138957519367100910039257945311194203798832499400746766209493857012588302931826248018841846057556517195138298481773443988
23475594827903295097878754126671958318822844081822591027012066713131674121448938697794523149882184905266899510067483456599523996800244830512667499895309360844264429438883728819901802264990206802491119055561429545827527978481600505300504556886623420815455
93791751061657641598915413210690774644320976907901090346725495084018903263362275184023512334749760396593733938515602501488772361947238486006108242176259679573918933023074149991132231420213266172170658028625199760614394102299999536783229881821302433462965
374726051565207058562248252331595986948105382946832830929506138828322594468118638418768843272371846242687565202626057167297529897623065072089563708766338924506007394613661212278778586034211697027617365653325433948018435626148725564374579010389172263854057
1497146600216566239941840551410941541019373523041792476718386512689693830302292190299577569358125781690469817730682774190379957471761249040283708258046161736657040593189277696536045719803250962960872738413697327607875812342306792562283261358864698942091144
5981580650244889398810518076029083637401620054743210155399207963603120984193808048475377015304937510366243584985762833239808644685240292555593042786357751305472439092489477547473359182565679191310155197179412327153823326394785749188155009672820572467810736
23898397716780540124079547908831686571398964636217418773701909221605180972395198829246235252034749930895703913900614805761832870251746534727791815451992391674948314501194721303443968823588793009224928399521926563848636944640769091158121199215472464281984240
95482281518504422853335913777348307290838432484089142474814679014139766869671516376574785316363906168362839353292937225769134114121312687561985550268587623662594392071085537592312188502268117226740389476091651847962016350847933817407743026398372660117456448
381485440366713220086372632790711747714173011721778276658091052525290178333470273769627516738821799784452105737192246324128815218811797333352082402322911788034513812937228109894554064126338255538415422917705474460785683067482700826489412678353922896852969280
1524173189418306776280245592737664077230378467239279191427596827369206946086177041295883781076306846979727422291115375830354356248529844147284558079819561532300039124998763386660824287060689808305652369449528705235798277347542680677187225375757439843289941520
6089643009894279906608026192004240091852310197574469464141132751000514736443765560116277954195563704273244433603655164788609842292282558111669813743202789819227385335581524712668378150597763658931793304043830348656122096526822313109298711276268562203172505904
24330470643902222578509794342217489966109542492823236690531206776234473835455685809126988761184467550072570087318649228807115861360892306578346926529744027604342909423356611556124359233263940399629209652611720823127857986510650660826066163950024581209756813664
97209865128040603777458212975681035386389117383817377017302411033652208458468758123169842164225786283450884955225156269712684728575610294144479038233475114989509444482598381117838362640779789163985600295237777477588172392900382511075417964497722901098440552144
388392934348122890543331589646743129157047293000409544575674589903762728288354525412598264650596863802522740893960535602560249808131805582601110002558967291004021626828078702120940771027632049266319713481978266350584256700521615490123096751415457995215339396976
1551791771870072038511843785249239075903087718692413219098012504209831798535190621443545916814133055002040708331164995920661488661622691114460515527114391652834918978994869971399528571627062935188862215147860814440768007989057741889007889728070648035507678811424
6200071641572894373462230001727705323906725140196088039990214121005015612038058992621329201386429414102613653463313120972730174064038536225030832710321151757064958863203053785642673031234429806707407583922375001168197734078147672075949395203075868263288864121168
24772001890462432669442148470474488191228070322722485866145363582957720731719882166215751153798828929604538370396136045153099393385300494898634270883197323277222930924729353681411757291710760028118001297247631683745111827009104955161473099700301507035351057420224
98975255079764337166822426962639111994330317673430137707767602142607422041194586228081273807211266085677768191331818485852656684996167828329210870954868977716657199984170850333831404880384028260050273159802786713527003069068158268993152406405072133189157522550448
395451546506010319303433919193484417261357993055090048278273065346670859745200796596450475562951492541720631556810082151736705820273305172190831032701862372213445092882274455585256861043661958980806150018206773250122856568429035315687442665836388893157365555787344
1580014400432653556351570081737356617913410613832608704247674971888378068027934363499209701432933968137245520751319264448822949792234746833353040861815640931507299351772099867246958392632032812545181957377133157566813265633269741666869216260799134863467115947548048
6312914759908009260539546908369493472323832471374077443033013838120868724908084418263872463853013579126014874399557193267343045429096892531764639941645195753287178750422448763251583388585650010963506733322626936197801080677275465359825381123352674260227710618968512
25223184326472695159559852100263818053223732956434158208081330115184865829556196138702630465435210769792033362861089807057382188190362229225923230793255823151363404500995789716144442165467749604223108768178362170552308780786274359612059278808205879181917315143053504
100779222894879563698377972396951453018980618503199178616851400592933021696294808577411686884426553669756629563242137585371744833915118631799627176019147753651231579448125765010684351480710055571057110961168025728901024242653914797633340162562855661947639934329014016
402664363070746287368824108633438835869675498993842565237675969536443362156019670624524388954603740937331540767181453858441714874979583520540825076886880743535653793585521506690346197810985562412195831133587089405483177997305681128087596123077582338092163759631072576
1608853420534749419461588352324705830263015169043878607068476670874514480943109995293664032718332269474603042258124580181958817999639437184861729868784415777945917772823133599134456456768994511736146123326501922234531584757179698437881635529700800825834234860062874112
6428221748348364687983044052024431835471629113086639052387371671392073202862386554034403129346533766831908449180783761091789238333690460866972287049985041911324577052409098784513616627135715740885923367142724038368911829528145203127778646337166114548004447417352901656
25684215491504182494561337571067782039695982643002517789853964476383349615670344288825516474607867184638184515416202972536212001141792504262332254617720694555620862789531880842501692839137402321088847966167335630840798124016242009053933943213867916995387774236084189208
102622558750216354423737133764297957804024843330627517703757061162321567206134602446182742708753547701372634884550662627168943683345187580776965863233854659489763123017113638605688722989630139901912743582336271703944492816882987743102048074107415220909621373193360357832
410034544805904537527878661542103022741381872867345211005776337019100252969950137296472565606494004558094802610468691514828914819816719197255106736704264911279214071259473017921033641277772660830002003274570499027393789506418551905103581531124301895228202794912175278832
1638321475385173405936272684992875374728627318948921759193291437873799002535465878574703096852461681363343368665199837614882406787375998913089893806982006645026183633445364856977030733786747475778527560781346184421031267579296552760791197977479903331476564055683827293744
6546043180070093701278009908577366145776976124718737472528560940424370471568169438605978849790683897244307197311078589142846000760633422010310334411397165372744118614645981443768329477258623243338892124877982120456976815978464352258262186839456081868564088727830741250936
26155297678534942783862023398830216908436794579793532167747736910079440009083196690475929485243943907283186476390607693525543164965198565803866713987466667193031847780906208600583436983285108056175550771792569014794616257495010127406557100379638841705615794887280344259256
104506071814494830343653509726499448652747375987747457076742372913829797059176065557744611943112956825279925831199498877179244529710988565511861431803691988099005557353771702577325139827729434854608090073777058196142744120052253654345843798434585934704121795240549378811168
417565328356742920331590846314323393026363716048016842939174261924847908684229056951091302086683505301325530029597224381456801832589519129154564228583889462093025933328780111168862195941495882673777519717675383379408680037831560985425705458765605507113539527763935457158616
1668431511380189367719143758701369856705640502739297614515628287981623519395332263544464809856234242956445490850552150600483632732346620225393666680996037589700697601749320962725370294571716923875853902255374293932942032063272723055186663041458910370046000432764267375683528
6666430839658554918268762256212910582680617109580279506406191242525813238510133591993541861382376671511929833252313757028020060315510948170001929353595437248850030495143650386579846282977982306179436272094873718918026077563909934746877279746814243439572243046301874282990504
26636638020882728949666605386562827989968495818085184089262245589630080505915547479791974688185799845649780577328815902755565139922181247953993479120795795774031925091165163894777539140992520652408534457380632225318726501654261211852649540135176956677720228065026647597105360
106430590596860915537126574437881729931722752776513275145723847073689719142756512675926967659850495836047571496522930700525679903855752037568324455372911141068812296754930114409587919262128300531929105782679387092390041789743049459741857995650109186020963760804923483165969296
425260027647495367875285410290928070177529219045247494358798260540750002833138903685673379976062568964421208123068637208511824640560840638656790026661247167581104534870627126901535032117904209890721355772169854295271009684183574885804086253405301288355779475204784114312155216
1699196783705005486644665099772149310576765670116836901144921861433444385992980598234770520697764959186942054307643967595914740548803645956391102158802808168591620188400124694516836929673917964082089058300759025456660552830836808628431684730611701209696516958078912370225556928
6789437745562559179640856261337798204174195158370526853219530700752708324783596321449031443156863996936268417280241269991417270429884615699610864761801741840689157647385788656845211701636236576005313516684270727694989246044559432487530037798418580631489193761140048682955316928
27128448582210767081783785779177745386235847425504241796727552102863499400080861752388457456487424951687641531811864717293789435203131796176058813215528092943775850846140314128417818814464189611366327555974072048174455322714097832995271501042457200586512233442220662561706556944
108396963307648648998581285026475227564389169136879291161301789931205866491160691685492032345664459646704597410281953136150249924410817487724862796906008002902267040627497496115649919719729841537414359535990590564569071354880747575813292853175985678228758416402445994021609507888
433122035327314584230809782429390540657087805424858051810530569812362297944870290295642665915782861374917024214270993289891226405839536931843102910701560637265352853660844855398475746561110103212256357927006985429879784198342624550781741792507458536198520944331893091741985027424
1730630862128869944634511156114336133770728110504014786263670095674636409762205457303231396004820588298012975772048065256775651734985825165394076770821034984815698228441611160660701433257202247521314168215548963589220373364404146748720896407819181643648720265253009799383866620944
6915118173319076666529643252837551326126643862374586257699926540344958070487845142304501532045564658460161519967337896789935545333601010111706158515047156838843870689675413391720282212667999683893070517035956605390058644838618337097207665839250458829855747797178821156309648652976
27630946449600061122029990284498856978714342562104264318409241470522336748299308013651603729565008131599464834740238771608991116306037251462146666600970738559073142947099369325730676882640693335781965727655833981604925102158675672340980695031875540720988276475982523850949575865460
110406058231348332170991890304251953550569984789702266404651285492149382059824606906623820795279110987869103377824774159227212798526770394833476811615929018514632952025024358463463358243382412182568218846446204615406381777170167185484598126633713007783984740161149172731195448738188
441154824264801659682958438412710330799625299380805956249187672229794892269256127079993238660836637502771298857325958234859757533077573211529655982164058061311137924344264283925326111743565754912606427492025391121199269440536160958899935998165500188940434793091463712313353713546704
1762747636993587459450491357140057871283034806305816599280129320153419295188111360819031328591336923750274900864852326984358247852434067350200576020264714334905020849762742471202328458798422261492911078239791767720941907971076238502221189938763074669336630003229493192985105453806212
7043527679547993861338989195347809856798885717668743527948412080130847729357226484105579696498971411272526660999479719480267490339085053996424686502569531474040059340410406858090820152755622606614940011200086417131852043135111578311744855985544908235703879152343496869561309100224444
28144353829687650664841321812169011179777744240387806872861386761519388402722694746259290278646904809028882257934446990721663657512795202431744379730327654430826265183963467415525483989781633273587798165805558079546451119015834297181433366585422443551662478139944690479403926630409228
112458764111782631112195039141244656422488048959373548173517027621971409462128452218474685321493037735096369290340144042218269923684229455941279095416460438484537936658587056558912901070235917024626980415330993281783000263652455866032323326455547315269396297951597719031374361197362016
449361949091148480688396976836187770206336899993326666404342271416015673988804749981653073691357613252211224385643250205806248177798417480784433513390237417652495199063556096310837283635383554943147310050337943853479046982556137043779353499012599228731033801058633955857472858250444128
1795561325395628154726766799184364733871009535669523625096355972881869979559216630138897687696050384737749176974151897867675434559929411073765336566385665292946228233290028774919433746389937573936838009576906094560789584603503190386782385361149952745127051968818055062169860474280467696
7174723126717871893497048396141066231941325026281617804130863553627486520454818031939965649955472005263693151247817449991894861051078817979776652191926042337694861255041716768336485457748568890974863619612537667165269680959641813030218479864769618411465523122760082209839721564857026064
28668898147875666291001127019992725276999722922238943979182353553231660735980124838187888014589355015039604936800426708600779990138595928034956198857393417582833130917679891421677332182767107115096850415359058874887672586408229577471131650894454629562966151553656235132989370225867797568
114555990549514068676930109292106410362390758521050811055386095688200247565588321714009117496999297566987631346698481367535057672401896271115836000595281488250060830422387976365569747484750930736094226519312865476407256108953191717802962122588370115113527031079190626502701518477283173012
457747047792002536094380435918598237317006257454148512822090759034226501568836336267707097488633018731121941049303792488376602058853373882172479954052231658230253101258952148981697464171789732981826216376671624715129294440255516046915294570662448889509905137404701806425681319737414997108
1829086477562329151231294929371335721427953599227869454456235195947675960314422132470095026814475476393422621798452934814817216145248454095731071825993353484739951827115180207386940449334138760277722514004552077832428657129500086146265785456410747045458798316592266530449412393441095702804
7308762708684950093199884896064008696669285776036251180851220808319407652951429898695966860915179083512384016937404057448844422640051847842645423005460574138736243797384296357057160661360867424449710096507233016609244740357974637249663266173016863011786683009468012370484098388412537307328
29204812150621104721061818049994811894118487028937931616891162444825547034240711284755818086104753262964308245797096831964681212172982735599958353742926751549906784778574133072708459973978062473509377325582412966736332689283935281564781668972903666396529595888363026092646683699042322912944
116698668411527297551620965584496930033492060839321013455650766256967470134494399793210900611793294734898909553387510181598963237815420144112137809162997649434210044300919643422166835147668597188164052716406461824699415652471584270966741908358893466705347807444805648130839803739631974099692
466313843348242152918065002350672284594706226691841690848813078475855983407266081561409609026851748766303734849030285496317569060302460609533193333366930073276230921934642041187646115642619436277360813586501061890554303149900718005280886004458872166002334415917194180152760830095982319933028
1863337983422997577616789829068129055036714468498959878377062432619979389171349126091113809444273829104895423994500981571898693376255296195233056359614210751981139033531758869725334025236535227193645450129755850240003218873592224057187242280107156222327032227028726433699078025760324537169328
7445705977008850673988492499399351996591557836308087769604129792697678551201369843902201433980519016685366571543564526206949446720044336974141306693977305814679749782194422022808515099592547345490493306735291662347339849843593291556460624138634619644492560650012188430798081930598111419257956
29752334010821011946685437158842582758599619805181564843387939163681116700091521312647842099685980274960736956808101780950250370630602472860681205771077458954772229844876874065428157554162633482833194292947958044664738674516525675468772689750697164705507071431159486355634561534969210039030028
118887750253248286451199805589173217532278122823183227266770736949585883222218563616797682396303705075396259401426444903545813788836411093263377586970778473918755984394322033517234204696373331329876609127907988702410174337098935045036259954021807599946866730472704451547305831144688757632679996
475066145425923904230084344496206366904400704493119864173842715950241321824396867441207661533982520610037123407134701023697786658900771312863940092377139517413872870779378087170801951055550798277546604940082422308543531902211703760139294616254803271616213072941987263433031208598619298278997088
1898331079376013631668060381772400487958378769219697409912570678357140341699773699395616298304384476658467399067795752386942708828113773924541880950213707176229773081722147079945846877214247758678106142017065134699443400825684091700393611618417768643776508217860236880005678749381620309745814336
7585613868049581055764023567998329351644947395676120471206503486135631298290134639454488055516812329409951317130844770610993269797675120973211698922178931810355659715205042764969983560882438112924491033231591994016774859777840470148478171080235887892290449760183365283892255154282220245157213824
30311707436312250157294195043775611662927262349315060920799135665744833257360582304638848252643809863289716543671338065948255442302445086208864092511531826049894989583132189516764314183879040683590480351104030089145502323073161004844505209757053145456957394883838312232073325198263247803934090048
121124210752980210843512188679687799466177699287296829473519150032381669010937889129901123869810603425415343360308206615006117831040824275622181079429973241257645434066575026642952728994994982591161193984589816961495193860106463565903096168203782117841815760291130367353684415386231879400239135232
484007852115733429778512713148811182416298090345973094460201793021357409366016309770503799327999947279986693427368955310519493009536776327364399203386766094965509439174468630370749419655341669265002559558573089707554996507341274777431287151152527099919348739501639099480347826423205052687991660512
1934081355253305872728293490955222061690573375351427785400856542967457406726821776797476186784223098214439150775152850262309802940848542782344779134836104015584990950987373609894603107542319901789195783405549498856626168526045604265149991508384169983751046809554619133844470808279621926521899048544
7728548730851507195754875056925157068483588637199411005326906631663542137282362042120839035337277870009803768573853921837868110396736821078060026312095042388787600622518923618431111341149406803924005079950590351340905696802116102698306641739313323138253906767521747803217243321032944615342730952992
30883181781509263999618488351950392412554442286261213690670069760137037253174038503702121035990243035323258475580877178709783722883984521278998878702280987815869883584219064154075222802921977052669868535547914565515627535092166063106336713623401952963023397789014715616946265353887242257136403985216
123409047158852534132909169731047393130072649639072219249698940951892586727385174357411835302872600435871112158459557156192923734824291220606898021855159881343446528896140503123665109575234802559719451991055186684857635309673104305261535233676108729909043371116293472604200175334351370133491651926336