K = 2.0
tau = 0.5
T = 3.0
MSE = 0.008632191083631337
R² = 0.9713783760118557
