Kp = 3.5999999999999996
Ki = 3.5999999999999996
Kd = 0.8999999999999999
Ti = 1.0
Td = 0.25
